0,1,2,3,4,5,6,7,8,9,10,11,12,13,14,15,16,17,18,19,20,21,22,23,24,25,26,27,28,29,30,31,32,33,34,35,36,37,38,39,40,41,42,43,44,45,46,47,48,49,50,51,52,53,54,55,56,57,58,59,60,61,62,63,64,65,66,67,68,69,70,71,72,73,74,75,76,77,78,79,80,81,82,83,84,85,86,87,88,89,90,91,92,93,94,95,96,97,98,99
21.33165311741097,20.921265185761968,20.531688230684793,20.960506080837845,20.34809425450803,20.546167035446537,20.055858593232468,21.270128064034555,19.907476057310863,19.78380663785659,19.995762796400744,21.50874134553477,21.724470684307185,20.470707914315497,20.859457961068635,20.816649056688266,20.62016118000568,21.523565343594143,20.124166206194385,20.40376955939933,21.685368320012447,20.347904178215046,20.02334731044134,21.157534514879522,21.302396240545225,20.488885745337345,21.200426691369998,21.40264802976093,20.527923157536318,21.059372439358743,21.347259223542398,21.11429312728974,20.042960527799316,21.599909690297054,21.165230023259117,19.769368724829498,21.458504598221015,21.64212218317434,20.16432590719128,20.75754188479037,21.208570865035487,20.340846019824976,20.441419530402516,20.926297159457718,20.55959523144963,21.247866658435036,21.390327056113357,21.321030195236315,21.69734292753818,21.64409605144617,21.325006660793264,19.91277022118485,20.293271167180716,20.918877351517263,21.298020354854824,20.112881836426826,19.88219195258505,20.296527404618026,20.098877971606377,20.713304518582255,20.72014819702143,21.05179776485361,21.218561529758315,20.977659083967488,20.053433965050864,20.017566341211566,21.379188322523742,19.850354319959322,19.9639720257834,20.910383482880246,20.537699233436342,21.233870489194157,20.06410728187037,21.033655459282148,19.844865683933122,20.200554955632974,20.733247535778396,21.44840208700806,20.27544689784848,21.63633468513154,20.912334731291697,21.593129114697266,20.82597544011146,21.189123917439,21.28342980053748,21.741399515103392,20.884201688885334,21.307125687822023,20.11504672057918,21.535595180871297,19.80250034200392,20.461187815687435,21.485136376605062,19.844076834940154,20.760332332817416,21.328414010145,20.072356578253032,19.852838832019746,21.567194351630647,21.337769745242422
19.795419534147573,20.1427772104745,21.680863795960022,20.72495346704624,21.2318983732935,20.286895005686567,21.71395092956463,20.321085071346214,19.97308480263855,21.35793013579054,19.953460964736824,20.827447095895266,21.344061878201487,20.9366579347654,21.344423733610487,20.337131373743603,20.263631243890217,21.250571335601148,20.68116644891898,20.42363101813901,20.773377368656497,19.818292438438974,21.355015077131874,20.568860934442682,20.101372118339576,20.033746459119747,20.697538425898383,20.30401469684939,21.038081335864362,20.47064383293594,20.849769635448318,20.09266717466153,19.778789252479942,21.442610458432988,20.020690749139423,21.06082390992485,21.09984349529021,20.325233187850397,21.032108239492423,20.167969092609017,20.769280287316946,21.223645411349654,20.41643101908318,20.864877573245604,21.634837905127373,20.488142415268257,21.259648246577456,21.428373104766155,20.12615833792606,21.755340010114946,20.7228059574182,20.029972866041557,19.876285572833254,20.652352230006638,21.639720478217942,19.762612861076136,21.731190852542245,20.026178158660674,20.73866369422054,21.482636743075957,19.825268433634385,20.125537165623108,21.006747104927197,21.09746412064708,20.96972820629056,20.39617820977633,20.413145393423385,20.898885703779463,20.818298808301822,20.452439008554663,20.848779973954787,20.910846053972808,21.459165671927945,20.868840086410827,20.998826536273818,20.65292498560816,21.574179732213178,19.95328094586517,20.11918513244191,21.151207887343364,20.06839151288092,20.490688888066597,20.343670803818092,20.384924538386866,21.670267548334497,20.51067940426041,20.131782371502926,19.815046503210034,19.920816340431436,20.57936213676768,20.26086922687911,20.449516637222686,20.887505262951183,21.297877501724734,20.21275018798418,20.560084196557227,19.924622090783775,20.134045660077952,19.96178653345677,20.12984841092909
21.179165305341726,20.38686027214564,21.355165522769358,19.764976430932993,20.66142793897362,21.656870947538224,21.42490299726802,20.816844548720763,21.618552794573596,20.96325669730084,19.912783301078836,20.236912828967547,21.23055301733169,20.100913390053414,21.601225810715416,21.300279747184483,21.41402307410596,20.963936611931377,21.484766146130507,21.42556042300668,20.661209077469433,20.026470194351067,20.64427609767038,20.638443246433024,20.483648723920574,20.498432085387268,20.123879289178138,21.46691484784729,21.24704469492332,20.165979214939327,20.970193464039696,20.39302866871514,20.387553276387006,19.860542374854564,19.85470315824561,21.523056005514245,20.58184156444174,20.53168934575259,20.558413276634106,20.722697990960114,21.331944480757006,20.661905034479805,21.451000287702822,20.194024982898085,20.633645004218238,20.59675790283346,21.064765970326324,20.466774457321428,20.937454256188275,20.097853257167863,20.517088374524974,20.362918041368882,21.547589461546206,19.991216172858174,20.764634570256465,19.79439585266109,20.993518461045454,19.939368217776412,21.45165226377049,21.181935240734802,20.30821182420315,20.12188155461097,20.785069772165063,20.59583746141114,20.12415492838973,20.73048665800728,19.969057680363075,20.424655610498135,21.289098538254486,20.645836548026633,21.497228670337197,20.87881825002138,21.722303663560222,21.643687279609786,19.999482344503065,21.058846892949678,19.79950238234924,21.6434588368229,21.20418824203513,21.758762057807342,20.103570645932837,20.170507151183692,21.523492446544513,20.01267174711717,20.729603101732643,21.060803620752807,20.04547389536043,20.689648649196947,19.770542268470013,20.694070732947917,20.113090179876245,20.104158767107496,19.77043999923902,21.115977753787583,21.39497196532846,20.03108430402649,21.720419514661035,20.863859999554457,21.262596602043192,21.36696665560751
20.14223175820939,21.610944034298598,20.08752020067366,19.85823038400301,20.899050256374125,20.72093216195669,21.613601382962045,21.05694690178234,21.500554458017703,20.890142562684012,20.366672983366765,20.941097011721446,20.10823810461629,20.706322409449136,21.607195948359195,21.525348791722855,20.44128953749589,20.821966261296147,20.823583055856595,20.448901885774713,21.326431636745546,20.512529062927783,19.971781984233616,20.03348976630838,20.933760852895382,20.86653407449032,21.67537150543395,20.70900164011048,19.967764948323317,20.952527181375608,21.512732691891706,20.087481033112468,19.94126572595204,20.526256614784412,20.049049240890458,20.187570360827724,21.742534303213798,21.45601678071423,21.051951777338072,20.781210236077822,21.34510032191089,21.687156005921295,20.881804002603108,20.177732547981293,20.222760065101035,21.436120525272788,21.13446997471493,21.710362076332103,21.534302932548307,20.679465585936676,21.650329442038803,19.891044943725483,20.522414103727773,21.022593627320393,21.693395560280358,19.81632897235341,21.58923817784576,20.823798614103737,21.250715354776936,21.049057138016874,21.007415164203614,20.41302901961295,20.85229011777016,21.544888255842977,21.13161222473168,20.661272350228906,21.433494888906335,20.130244373159602,21.15727056831235,20.780888060590534,21.065090645690926,20.137847212429463,20.213526222480013,19.82012406308625,20.31431409630934,20.245610839214002,21.517684606626062,21.24631960925923,19.812043542772468,21.029246724356305,20.439745729717643,19.844729681285198,20.69208469536438,21.447836883074125,20.909501410188554,21.518419497338094,20.81322209120972,21.673937241742156,21.4442544626146,20.689428306117797,20.330229772385835,20.03214071258174,20.893245041278185,21.66241444074041,21.20875709697253,21.101642524655194,20.461920976208404,21.47080665056322,21.602214769799026,20.78311016068221
21.633778012478004,21.754099081553626,21.40103071210406,21.694462263222707,20.24343535542497,20.806628744211004,19.870230222797243,21.485911086604563,21.695195177239064,21.210165154447164,20.0525830309377,20.546759409061423,21.690735373850288,21.758312854072408,19.995250537267655,21.214743397325304,19.853153080871593,21.55879083930799,20.45733487587539,21.41441308613334,20.42246087589201,21.52765304847329,20.33826442053485,20.099963589781705,20.74361267091467,19.78370809396506,20.426679002367212,20.950951987140666,21.559494760591893,20.779997789029654,21.541430095641093,21.18197327087719,20.235177199007648,21.165511802648748,20.52889575908419,20.177410848518992,20.86535956927952,21.202114368446143,21.73978095481853,20.246696443483476,21.25983253022663,21.488184952102852,20.374277076118542,20.992617882018543,21.02155569640526,19.795869259647827,19.796376406268386,20.245337944358525,20.438548727931636,20.192459905473775,20.115386539799346,20.581382402026374,20.64299022151428,21.177086184299664,21.72984392913665,20.36260508643794,20.44150796694342,20.540475856416414,20.93196332263957,21.148624881239797,21.195749483404796,20.33949831363834,20.60486703413721,19.770749709620716,20.743761515533794,19.899112163603945,20.78732291676167,20.453198683448186,20.363399293399507,20.109584547373977,20.68731754646938,20.02194388406635,20.240026359546988,20.432047710463834,19.945450719701757,21.595315376101016,21.28426363342278,20.577226644376463,20.580096706868847,20.764004129341952,20.766606542645683,19.846825487625477,21.477840054099843,21.49897502285394,19.9050847184071,21.404112274317768,21.18688339525136,20.468752771565143,21.247201589175184,20.102347533702375,20.29487318754156,20.970241806265133,21.259203811246373,21.713943123036028,21.467791869054754,20.31717951126534,20.54256990976194,21.040506740397124,20.53473158795364,20.4849264362938
20.734930460182483,21.310139335651108,21.265972103689265,20.406529671733693,20.35476918509131,20.795270778381532,20.586687018497486,20.036026486028238,21.34128546615425,21.428824839141196,20.462395598736435,20.225684878336658,20.636736838617303,21.276624878162256,20.5520228461929,20.43708140593226,21.616053840918195,20.466048485774163,20.73801119748255,21.178760530795987,21.010366302715564,20.923054712473153,20.014687145826116,19.792853622248646,20.9478980534249,20.67360089346092,19.909780226694146,21.659383327671694,21.718041007555428,19.843802937982453,20.880304331989066,20.1385747691241,21.542742413873015,20.040137300422632,21.27775665957627,19.946134098749173,20.047559521998274,20.08422876951716,21.21676511860879,20.66459954935931,20.52329217579017,21.422130670915422,20.36170290769736,21.266534779568154,20.749212819470785,20.91369809261006,21.66848361746157,21.56868289182236,21.469758336655044,20.331846631165693,20.327872483289656,21.288306457525586,21.439640870237234,20.254653108119882,20.388560330823143,21.223545207723703,19.890006273688503,21.189118448434908,20.16561559620061,21.703894059736957,20.374712966306625,19.81382171001483,20.458061502689414,20.846934861661882,21.556022988052653,20.041985509569123,20.77226585137078,20.000364110101813,20.510546828300498,20.49104367973587,20.18409380506831,21.053067965969223,21.22502692672,20.13218137442831,20.608695533687122,20.021077324421693,19.98513244662002,21.690021536434504,20.43322953792475,20.884534538302546,19.92474166635179,21.712337813897324,20.981449244635414,20.513203396843974,21.204816622914343,20.25167488822371,21.012503993756937,20.91502122041511,20.950740940196567,20.465774794261392,20.232949020105288,21.482933575685326,20.657557632303497,21.75444015117061,20.890945326310515,21.75077497000217,21.341395725879547,21.686389365968783,20.827592951776747,19.795065365083154
20.27693970171906,20.777064859439776,19.79357277407923,20.4228600122765,21.594986835655465,21.016352910946047,20.750447567189877,19.856624182831943,20.329529950006773,20.996828886250466,20.407256407738537,21.261550452585986,21.37263710077959,20.161828972008294,20.697435678142327,20.48435541306959,21.107542078896856,21.584390404108177,19.87861543367269,21.501707084703867,20.321589626255392,21.151565963010697,20.253153272161242,19.82932747919256,21.20941252017649,21.157945042288784,19.991624779871135,20.19097833562171,20.933603557375246,20.18095527447001,20.249793985183857,20.66010459416347,20.016592273326367,20.474098962298733,20.64097375633585,20.284532143766608,20.65311944664172,20.350969506163892,21.43636848771859,20.797508160274706,20.961319893945518,20.215773127794563,19.9842240545943,20.37545292102198,21.066760438841523,20.42022126667734,21.120189278375044,21.1038028423527,21.245763744794942,21.734013696263666,20.29095304301553,21.521832155828704,21.31564847009305,21.22786548443619,20.016292072168536,20.200987419568836,20.89567059107969,21.687192936825365,20.730101442812757,21.00557705903613,20.62062428916523,20.281737193077735,21.135305748247564,20.955746850717947,21.580804924311742,21.543574122173933,20.08416236665698,21.703735499829733,19.899511532475906,21.089451553018336,21.05896785144094,20.108311311343712,21.383194895760177,20.013203552652943,20.065623497614684,21.707287541502268,21.402170522685097,20.141541030382463,21.488397563933376,20.496260604458215,20.526709576929836,20.95221121750042,20.3748925241855,20.497305688118796,21.439300077406244,20.775917916957926,20.295205140274728,20.183106476618462,20.10278781246657,21.630979973439274,20.38620170132349,21.52758331572173,20.578249954908454,20.856505550662487,20.661182923419645,20.678985174102632,20.757443352718443,20.29273299434984,20.228838354973938,21.157091346648958
21.612978431736558,20.50960630095198,21.361522645006268,20.422121641247806,21.546033729235447,20.13577008543737,20.656914197026794,20.949264386948908,20.371902618620584,20.079237269912586,20.82996967046318,21.009322730192174,20.602170860488464,21.376528079361076,20.286833253168737,21.03023459066236,20.304822442798987,20.2035567001904,19.809898376356525,21.386916388476454,20.7918772255343,20.51274502162612,21.476852257109,20.71789627588581,21.670764641878193,21.422963278189727,20.816943213377662,20.23868988328443,19.992497261598874,20.49629281741226,20.239100073147245,19.873494805135135,21.608046081976113,21.290482551054957,21.51135983573889,21.28113406063154,19.779757120477864,20.897524989947996,21.422364601819794,21.009839622695683,20.986760379560238,20.107489228819777,21.02206788838923,21.087490145917076,20.772425234564153,20.115847797824127,21.0039881920507,21.218578107060775,20.931136526297667,19.778279594243866,21.503242215306372,20.622501163259997,21.35557680709485,20.48089189700204,21.594208899565068,21.081279693852395,20.65315074701929,20.195604881513045,20.54701468694722,20.682664908438323,19.892050245904926,20.43164190813531,21.312129762420152,20.895631036714455,20.767270932131503,19.915039149170262,20.37967308811781,19.78232431979202,20.118169983566514,21.516196594029477,19.98803989251618,20.825339811350265,21.56147493362093,21.732479267203434,19.90362797582882,21.69647275067113,21.120645818833765,19.88024174564005,21.319513609501204,21.231327776629733,21.046952428037173,21.312955753595638,21.48339681896655,20.768959453514423,20.655372447863776,21.02812420497592,21.48348535690913,20.798158793812217,21.32868205938527,21.4514370182904,20.69397407265869,21.75351385633689,21.179584949374366,20.93607857437695,20.143133206688887,20.87926109138303,20.21355010589912,20.983266544253972,21.571805446596326,21.262820206781036
20.440942122248735,20.758542640590335,20.7897845026634,19.854665550043237,20.404585544958707,20.14041592112462,21.412168085311954,21.736825812480813,20.556777084002892,20.849073228506807,19.87834363815294,20.54783529574212,19.79248904300358,21.321867221554236,21.462899018705915,20.370732157033075,20.800790254793952,20.401948086724538,21.049601131100356,21.177940535661094,20.73775118413159,21.33674026278278,20.627303080545612,21.124196396800873,20.0507260979029,21.066975818057344,20.93388409231723,20.061982869470967,20.837712949320608,20.062009652015817,20.812907563353754,21.66509249214489,21.117192226457455,21.218238309320622,21.187516902331915,20.642829891689807,19.954510974970322,21.056248407232566,20.943135370822034,20.341747261892696,20.96419873478217,19.83011000289717,21.28527605460008,19.86896676460643,20.446416779878575,21.19509269787093,20.15398519258229,20.318343596906303,21.669044577452336,20.531272005194687,21.27426235298678,20.00183269177328,21.226358139909657,21.113397913476824,20.55456618294883,21.395852226838514,21.703107184813657,21.7261344885883,21.749606717443314,20.37218632349373,20.340748461524296,20.212399175247345,19.95762073278235,20.658656987980816,21.299983705086465,20.961188114390676,21.306533047883196,21.363065385570867,21.661000996096067,21.03759685663807,20.37789563280563,20.69937451324478,20.835518550219888,20.271770472699117,19.869364602322413,21.71347896950072,21.441787719022855,20.124226114602603,21.32748174636041,20.938942493936175,20.333322092226915,20.61127972844987,20.89193260659282,19.91567809673265,20.58212209112004,19.78640931598591,20.570024517677936,19.90901086897475,21.343815956992547,20.809584521110192,21.163466732296623,20.098309744912527,20.13187356379337,20.968654059776792,20.14025141506907,20.160469703837293,21.429940546720687,21.47302244166556,20.293250192293243,19.763016415908197
20.919199949700026,19.780284633014116,20.295647365214275,21.389546091736428,20.819617268438744,21.18023402971632,20.670802973746472,20.56442944043821,19.79094715951328,20.580493890994166,20.271767486143606,21.089247078778854,20.86697959560725,20.606502139275598,21.168024421775886,21.17859559952199,20.408469550415465,20.812949037335272,20.42728966308597,20.67479768082493,20.602840339901327,20.68656853120805,21.448168536321678,21.04162816079397,21.120686428448746,20.305077881205015,20.35469648261987,20.066871848274968,21.286062669974804,20.155283454997836,21.04677000410967,20.096256983427956,21.198864648192064,21.10163988719366,21.076268191967056,21.195820402123164,20.843681376466055,20.759005966236387,20.076410012168385,21.259429239549537,21.43077629963643,20.40506013741814,20.409021920881184,20.086638828704192,21.08090490453031,21.032282604502782,20.456078191358557,21.335081928248197,21.396678344652408,21.03036696350849,19.986125382000203,21.203487030430978,21.160355799443085,21.548129044653574,20.856310095308725,19.83423894941137,21.007678371619736,21.566270902742282,20.36104734099954,20.72690564371894,20.151909694774893,20.38317481193879,21.089833795887863,20.7954631361244,20.600789995625806,19.861136724162346,20.373522860034907,21.049909245450735,21.616794976193233,20.245973464914965,21.743342252688354,21.707841152465015,20.26760367598648,20.754805035246243,21.430824130384117,20.394817356481937,21.738450946731025,20.3888068297174,20.03380966496834,21.408853353130066,20.49334581846099,20.84373624783152,21.46362971443346,20.804729077498298,21.728495669535725,21.38902771158251,20.927666591459232,19.881100320348363,20.334529414383443,20.486855126721547,20.9318212270036,21.00689694291786,21.060759117916064,20.615917479369525,20.659992102647347,20.162696506015845,20.628763945605506,20.98661916560721,21.27493843072737,20.462208162656815
19.944965512771393,20.578329113714602,21.27959377715189,20.21998352963263,19.987711000032423,21.255842398601644,20.401070943906362,21.73775033351141,20.50616657483634,21.672313656242494,20.499091665166947,20.703040153402277,20.296012163063562,20.71002044559536,19.902046150877425,20.13328812164386,20.979369251054333,20.12949400803319,21.373240861710443,20.668493551701097,21.722691955068708,19.794094895645173,21.079120133826944,21.16972720634011,20.496198168468855,20.58804805665278,20.489397796809666,20.286315360844632,21.456949799483564,20.48079105253217,21.539624791150292,20.66202788214929,21.24590423454487,21.742616193142307,20.859379570210876,20.93507015610397,21.03838212233547,21.708013021932555,21.294702963150232,21.10977344819847,20.292085741371736,19.803429030535927,20.746618827050995,20.031342841689177,21.15564847743382,21.106841706207003,19.96993224271455,21.553756557079332,19.813824914034022,21.391504470713794,20.963117388911204,20.601113803867257,20.17869167593382,19.93935160185582,21.149258520985736,20.93748653776471,21.218799699431468,20.911038678297693,20.29602549102192,21.01768566670981,20.65821931324514,21.180264570604663,21.593519341347736,20.41340616373071,20.00462286670205,20.30995971010129,21.677040005891577,20.658861514855275,19.90467458442056,21.08157967434755,21.176645415747526,21.040014924712438,20.491224178328277,21.019953583663288,20.334258138180736,21.007477279984208,21.686926254665682,20.98067080238009,20.18687749040515,20.027951846742948,20.03764255405886,20.24365636636152,20.890894256291787,20.917933873621926,20.638593261418784,20.799040408567784,20.794720262926887,20.45817824046033,20.550511562075684,20.00890039144807,21.510328019947327,20.31288487796077,21.645861226475393,20.107745234802657,20.435368680481403,20.748620812182114,20.623202095028486,21.545657012349704,19.985618974104572,21.40417372641447
20.18543728417758,19.845364487388863,20.94201798889279,21.661244782954135,19.847878935949062,21.48030977692069,20.384755504818948,20.163998367343723,20.00023733405208,20.21242889994584,21.287295360189457,20.58691314342658,19.764462601408216,20.66590867191959,19.846738936221833,21.072770470653385,20.243532771900483,20.09521917943926,21.35009138003175,20.924099089599256,20.06232725217801,21.670098650130168,20.32034755034161,21.582455852105458,21.190339046537275,19.871931026196247,20.381391015475604,21.041081402292573,20.64666687613315,19.992751900562176,20.4645095531007,20.54689637463909,20.538812764633647,20.972673419647084,21.54998398682961,21.379474544685806,19.864292938437497,20.176738115883822,20.354871685592297,19.897179208779168,21.27007953739894,20.80615069910802,20.948965154358888,20.173770657512232,21.340748869524603,21.176892532223455,21.579063431910562,21.50197726059639,21.483752248087374,21.33981535072137,21.17707362220483,21.71886456659673,21.32305755299862,20.717909771875785,21.558593559531904,21.741161169575385,21.464421713274906,20.858873539905186,21.459238738156582,21.24815852774862,21.753122839954152,20.833848646721076,20.691701559853794,20.801189567630015,20.875404122385127,21.01882023854721,21.668038702910604,20.737279493159207,20.878417814800976,20.665351077546624,20.31232885444171,21.182231015620836,20.626406910371458,21.77680307272059,20.181355303490886,20.68298570402195,20.39013363559585,20.737875060123137,21.320358495602783,19.954832052862336,20.846311286647076,20.239795912731978,19.86308034948547,21.623015346935365,21.263512405217696,20.574667976623555,21.377576639738738,20.30279821285032,20.072131527909658,20.36640003649416,21.289291651595796,20.81454553449918,19.914767351808273,19.86221571262475,20.01342922771881,19.922006598546666,21.679242666742677,20.042090755299366,21.302495521173846,20.84903405518579
19.850872960439943,20.383570069152082,19.976228570625416,20.102508096826103,19.960266681889774,20.431419205858127,21.684536702237462,20.473307049486866,20.210429504995364,20.760312246221538,21.111346142691467,19.833822860784334,21.60899359957388,20.69335491593203,21.69420158316171,21.617197766435215,20.59793485924212,20.303809764780357,20.677199902334017,21.199955336093673,21.16767844597753,20.446915088318683,20.837982458497812,21.48229155652633,20.46800768155653,21.63302533370171,20.2927936856532,20.61416519405952,21.728111218407193,19.871118885476786,19.943243376744825,21.292628605727106,21.184549053968496,20.063314451467395,21.647430369686926,21.329192349262133,21.56981259194915,20.693593857051496,20.50840025165722,20.049355100723094,21.48013206018025,20.78979400698589,19.839414123424774,21.068515908831817,21.187033793803675,21.635732223561764,19.97370016032244,21.60413489109233,20.347037492496415,20.10584787382501,21.507563698742644,20.221723678497256,21.236145816863296,21.37963799150619,20.15778431319391,20.581236120144364,21.004211318054434,20.7633548707011,21.032001273403967,20.625794117565473,21.631516579405265,19.9635954510908,20.16125591923451,21.507435294922637,20.61115621092181,21.126226872834064,21.587135954881546,20.885371456005178,21.68362955643873,21.701714521493045,21.473945877573318,20.658126394564462,20.45564552902108,20.314034460480315,20.591110446875398,20.344914833931043,21.170687971434894,21.726740109565636,20.36401586763682,20.92742526672147,20.759931351265276,21.01425916164578,19.988930168223007,21.377814496164422,20.34699204212625,20.2481217859274,20.32351171636077,19.981072922352556,19.985390159549226,20.842651373793046,21.134596489483275,20.588244160873597,21.166288483841655,20.542734239057385,20.466936808981544,20.45905322746664,20.664832924910563,20.169212910962088,20.28387194842084,20.100157148755187
21.288864758813776,21.043638379365216,21.31114020713028,21.37070992186512,20.33057136908333,19.832576490097853,19.9576206067325,20.0835424174306,20.74608266431514,20.89235061625451,20.320429899343015,20.919724821845637,20.959687421133825,21.74419521141171,19.99291970639067,21.331001121345153,20.314400201535186,20.566587993259184,21.38655154581189,20.274200055564844,21.255288869773988,20.55861470725985,20.527313370983695,20.597211244843102,19.90395200253171,21.31605975365294,20.850978485333204,20.22020324896186,20.403870282044238,20.544965191439776,21.0943357958445,20.726898641888766,20.985711613185515,20.10739566736503,19.796393967020673,19.828932879930782,20.882750715552348,20.565837556591706,20.019667463077976,21.0663163937796,21.464776693453782,20.74738949335294,21.6702812681472,19.99060601806963,19.86918524936192,19.965398946611373,20.14221766136009,20.251932149093104,20.239104715065256,20.812778290227747,19.788251224057383,20.79556391870956,20.403805330063268,20.618486725483738,21.189716983273257,21.188625938439902,20.9591221800636,19.97561993921547,21.70111314502473,20.032145646099362,20.43018471137944,20.5618206852594,20.847216445307307,20.634529489291396,21.321750960971443,19.86407294773217,21.520161999100157,20.836581676930937,20.266788440938473,21.350980034239843,21.309620968279933,20.18631895313598,20.1484841506554,21.349652910294264,21.39342906361246,21.71442435421251,21.666934435413097,20.099409385444137,20.27312432991011,20.619196817716926,21.371977664817148,21.471341022134073,19.875753877521372,21.636377576420323,20.40001213876055,21.572907405452558,20.38362531038905,20.728005395939885,20.940252155152557,20.95576314264054,21.68437157166658,21.72161105219419,20.51577673923522,20.306076034174502,20.668898158454766,20.37884472104102,20.308321465149017,21.184286378839055,21.736689377906153,20.91487809222329
20.64055717683599,20.46606175237627,21.587173902508212,20.922300431951292,20.194724252194266,21.13788490687033,20.32141721065606,20.393979671826333,21.680827905643753,19.821532460126928,20.018554290996683,21.232413039426085,20.989051456820746,20.141856212647514,20.160617765945155,21.3936743067278,20.143269999712814,20.247397275327554,21.42217476849451,21.189764916606777,19.873517021291647,21.108268793431893,20.77250745730996,20.836368688176705,21.025000473399388,20.26424425191482,20.77922759151677,21.504272911989467,21.262253140179816,20.3901100147391,20.20047039561522,21.648785205730793,21.72080678868474,20.216163408918188,20.358833773409284,20.503928473603217,21.063424880574587,21.33987260567266,21.31368990991099,20.284288037973013,21.653773736449306,20.841735477413714,20.73515862892928,20.034192816142802,19.979052653421032,21.140444915438035,20.381068213889552,20.922862113721692,21.083714548701913,20.2109778623326,19.94211359192635,20.66871974703428,20.347517470512496,21.553678438148786,21.020328736774633,20.340356673773535,20.147273832416143,20.20115318934887,19.831221364890585,20.046726553654683,20.080152990906445,21.091365142272306,20.978200794729226,20.732324057539305,20.84004233131403,19.895039861016663,20.550860879166883,21.119668051459254,21.557277282570567,20.621213354613673,20.128833411183308,20.28660148400098,20.15176230359353,21.148539098710014,20.059907100863793,21.320874312415825,20.624293629668763,20.587320206777225,20.661220492079178,21.153571217782673,21.247195230869274,20.067287057005952,20.295277954789945,20.58737476793043,21.099479627629872,20.463142976534005,20.14113652556802,21.430600915053468,19.8196205100433,21.563568817603926,20.26106403325921,20.79548755132263,21.421088457968374,21.51950175980499,20.15738279165407,21.112363798726538,19.843993800716806,21.56810154676619,20.66821622778994,20.02677578461892
21.11785181742249,20.272159258644976,20.328852370255635,21.15062694907478,19.784716688978307,20.592940250346057,20.112608460651487,20.377208119254924,21.129669861088985,21.6190309510134,20.717133295214904,20.65805936308261,21.543247276050902,19.778436219599662,20.64866019975105,21.227784654806534,21.64361129912574,21.19756764223431,19.806100086078274,21.138051656650664,21.724005572672937,21.408898503078458,20.077154525810112,20.26429094081785,21.07711710991039,21.354684862263323,20.179945633187483,21.747212994622963,21.464671687855333,20.032512758647034,19.843230178664754,20.028379562410453,21.666693649818637,19.954054439302507,20.732529647189438,20.64319098708006,20.265654143127605,20.457286113846916,21.709782231881242,21.602250803214453,20.075643356326175,21.349224987126817,20.09210034063813,21.16216482112706,20.325338336516058,21.018150593903542,20.37367290026731,20.024792215680012,20.613851368769968,21.22993119721681,20.26131972620025,20.559425050770898,20.568828736390543,20.391828177717432,20.12658606342853,20.738715513841264,20.641270783121808,21.474731032931828,20.456610781331865,21.47091466029797,21.233899376231907,20.08744643426654,21.16411873753822,21.429590594264013,21.673836177799025,21.47675304371991,20.51911952975992,21.366400803702703,21.658171409217143,20.762944786810767,20.982557722413656,21.8295039507241,21.07604553908714,21.578402894319304,20.220856449146012,21.60414100396396,21.11513954207687,20.895717924068922,20.422334318024465,21.67737658155646,21.753012122758797,21.49373185605263,20.493418663896872,21.2986954493241,20.519030851935756,20.336384966487874,21.75557509023739,20.853146570827725,20.24411620559061,20.37101852498395,20.44091444983824,20.335341526254034,20.886602141185946,19.81738545401294,21.372954484393848,19.97710850516622,20.859501545078885,20.761832965480234,21.562922157425994,21.549525906582932
20.151747863594007,20.801535524570866,20.988357997950303,20.227457600886012,19.827433905727826,20.726130878771826,19.82236424014956,20.83523018036244,21.70576265971989,21.625398094144742,20.51613106017804,20.359823295103613,20.505587742251763,20.677697946389625,21.369634987390516,21.35774969250676,21.45353664049472,19.94796397123775,20.9914422919543,20.329270827146924,21.740206432082342,21.48163731148255,20.842750834406793,21.737386226339506,21.59829319414127,19.81924410160453,20.12986275247939,20.295492751055328,21.041018321755924,20.118538379966605,20.745363251474636,21.61227846519961,20.98274663782526,20.444582230362876,20.912647237151717,21.7506097010487,20.83517366248241,21.69977240495844,21.11227901027921,20.670156565083403,20.87715169738474,19.857994308119,20.95528414556951,20.702112580142437,19.805483707651014,21.54477015493787,19.848732357109427,20.328641582995186,20.742366866969846,19.844602566892288,21.239634578271605,21.684214582183184,20.40496179637137,20.799350600759634,21.23636430333977,21.60219766818852,20.185047473541584,20.82124095425065,20.160845977185105,20.716133380490138,20.987560707496264,21.776931490137653,21.29034421623915,20.29781285109013,21.36464359407854,20.03548241431778,20.083472317467443,21.079419052247683,20.48537965771841,20.234798385192935,20.517908722930002,21.66505186405146,20.615429031994715,21.771316638919178,21.16555822839483,20.040142426948158,21.041421065265624,20.542006681380595,21.36660511931533,21.47048167950472,20.19244511615612,21.80757674288653,20.830476449363754,20.12879323501158,20.4328959895721,20.503744819466792,21.231054375274475,20.29538854575739,21.45397522536778,21.296957083037068,21.594074377979535,20.32498610050794,21.04554028842629,19.887736410486465,20.750409377254467,21.498624095893366,20.885335330627544,20.05864553701708,20.84133147553735,20.372670610456144
20.080344236477075,19.807588848844123,21.10364284344138,20.803275257838507,21.63449298455448,20.026184276278187,19.824494374756156,20.873943020833394,20.91214897350099,20.469816177526354,20.140601621705667,20.373776269001272,20.276314497439948,21.202160758010564,21.32627111060289,20.733082977054902,21.59429643969063,21.704868519801746,20.871035049413432,19.819092346026064,21.45177846093193,20.903495757508825,21.053402538897764,21.05892268718287,20.83212728927164,20.91628449785081,21.38942142961493,20.226221941144885,19.831054611595007,20.437722390607675,21.60177496981551,20.37701450804183,21.064817561887846,21.637294593177316,20.732000550904747,19.7768020402187,19.927697818152737,20.675671985117056,20.147561232685256,19.777136437124906,20.05817158053628,21.43469973623874,20.894176709366693,21.358577964513888,21.379421504134868,19.769614945545243,20.625311834905094,20.971615014156377,20.27331586006753,21.65214127740887,20.63160625190895,20.764326977947253,19.903138788526316,20.60350189941026,21.47597440420394,20.664820916608228,21.517203778990908,21.616560351085138,21.4172755524463,21.622843099526982,20.34734475537613,20.49231681502512,20.89524271633197,20.90095570552918,20.352054757581733,21.531229534138816,21.762738935506363,21.58406625945617,21.08198722562586,20.455661532528385,20.654939259798493,20.88287576105031,21.59660681311918,21.47137999889258,20.471492749345646,20.4403396504205,20.623909933180347,21.867888540255063,20.23587296415856,20.326961451482106,19.994409010136824,20.903327392131576,20.178505840913918,21.385270023421178,20.213218150901326,20.576499623866386,20.427530079945793,21.134387389739356,21.710572571524974,20.606403670333577,20.418123956254558,21.5484378244998,20.242560617697382,19.868952557285436,20.522709327175928,21.3823080967792,20.875021931355388,21.517942075656297,20.953069514820978,20.763211363777053
21.00374015521025,20.565345728838913,20.661825705635405,21.451347539020194,19.778259912731627,21.053271880804378,19.829137584946544,21.416025075339324,20.977893328700226,21.50546724290726,21.220897283152585,20.974505713042984,21.718788313551173,21.531878705109747,20.098315048619998,20.74370618618863,21.131136778328894,20.840940211950937,20.969725451031227,20.03631912499578,19.89261915731105,20.87067369546362,21.338725297178364,20.647329321905094,20.467407443290575,21.729336726920653,21.614818454503236,21.23708922027829,21.405140758451385,20.98238779947673,20.143665189944414,21.58857704240818,20.18076272484932,21.45190443000389,20.8529990817517,21.609502827429754,20.945550015630136,20.812719747862232,21.628774678317324,21.722809569413684,20.304211851640122,21.458205633175126,20.16235453410737,20.62885343179476,20.854472259490745,19.95061034995434,21.58332544863336,20.202879675165732,21.629756511795637,20.220453018976563,20.56391205409112,20.72779070556866,20.777241102620827,21.558169408901264,20.880070809291976,20.865974522870925,21.071154466057283,20.538453979882778,20.152929180831695,21.721808527117645,20.220179518612433,20.343802830084677,21.39577572790529,21.376998547030723,21.427621341954527,20.38654366931775,21.90181107769743,21.7847710872143,20.504971661947824,22.003257674896318,21.290179437600294,20.766652149312556,20.46405117899454,20.98987764827103,22.25731477724247,21.46041710904476,20.712795533966013,20.244344423544142,20.54817034733631,21.635278861489706,21.11446635086008,21.73555402102863,20.42598637738295,21.732061175885253,21.71710391607979,20.661387417854872,21.3236920303011,20.98079818317142,20.87884538411236,20.429937850980643,20.527691623089563,20.39506433483885,21.569549482694555,20.664932464430837,20.82391913099569,21.31711005506058,21.269632572935897,21.62472351743623,20.295185249025767,20.760086857447778
21.289381596292962,19.93831611212587,21.16860585362567,21.49016040771187,20.114782976625886,19.87246261045675,20.53204852986353,20.447554982938843,21.062579315124484,21.73411225605436,20.097142676139363,19.839280857373204,19.868221480081193,19.79400171471544,21.029856490001883,21.531373385132838,21.209138605432777,21.430749575855206,20.678985584800756,20.962818748112802,21.06540455848895,19.87504368342764,20.350865438214626,21.174546631537964,20.845066663006804,20.793965896075147,21.532579552122506,20.87053506735544,19.86262101562699,21.63230391392353,20.413292678035596,20.842195298571195,20.305351319710798,21.137374385084435,20.047170991470075,20.09370413473564,20.207915745179037,20.90779579693721,21.241857200399743,20.008093456514697,20.859134108627817,20.286727465769065,21.68106502729102,20.495101645062945,20.36532168327027,21.067108199117556,20.564560994008538,20.645787280065747,20.30607373610939,21.666520213584885,20.903025284186658,20.688187992888068,21.535204209739064,19.817008063076223,21.744580993057774,20.323493871299686,21.090726942548464,21.39050668911526,21.048800576932244,21.226516399889114,20.028214849152356,20.483000793892923,20.147902703151566,20.267233011723874,21.656954439491237,20.076008640506696,20.552854918872324,20.440854843350376,21.949030858336858,21.50702236987663,22.321432165749194,21.324661261283715,22.42742329062044,21.16797106888909,21.91838780377404,21.867552757174728,20.78179645684765,21.008737363294973,21.371211594436204,20.48671588479325,20.30812255230807,21.795103464482224,21.605685936846285,21.419664364449098,21.286567084866185,21.630886479978,20.65960270929486,20.82819689286356,20.463580633121623,20.66047226680953,21.37776794480222,20.145328646553,21.047446488944637,20.90537424448245,21.132657314102232,21.039155779367633,21.47025366473531,20.36605261923159,20.187540692856384,21.127790688456628
20.609969011845283,20.765615725822272,19.908699021419405,19.963456224740334,19.917038072991772,20.634519427011607,21.04252577634267,20.251892622637527,20.735913075965104,21.378243538145988,20.39643784617411,21.531970585483784,20.268295755744287,20.319471082241368,21.426118472525832,19.90941126118679,21.538314690320203,21.431793933631,21.716474549236825,21.731458807006398,20.33335573584603,19.932121028841603,20.518060750068944,20.09354763759853,20.328830510129503,21.317206971330116,21.636286774802773,20.77785785597619,20.270636413183507,21.31298549778847,20.858640446823134,21.499783004555514,21.415830745496894,21.540129562909538,20.46526086994401,20.817074498064446,20.261512185215835,21.296142083733947,19.98589651980909,21.436884312447415,21.371675775762437,20.29628342638746,21.516510647826657,21.236382473735777,20.886946160227865,20.650118028448667,21.313730725909284,20.535797071021776,20.093653395175142,21.719357639394797,20.219843742991205,20.57681199021119,20.662691245658987,20.2332131872113,21.10250518929506,21.714739198211987,21.215940096567465,21.360916475143558,20.495421318562844,20.103878254854262,20.5673596365832,21.772229318965127,21.636382248153613,20.267324735060612,22.004629400352123,21.643878079808747,21.024092585488816,21.54823873222598,20.933941804819987,21.78510295945558,21.62689391414052,22.03727155209137,22.55036150596852,21.92101251224453,21.10821286054331,21.417975601642823,21.75551541472477,21.723431941733075,21.13542983873235,20.742376194056746,20.607569762602438,20.70216671002946,20.266368685644494,21.072627773372208,20.759764160422204,20.153604527814387,21.679961448951747,21.181301994528706,20.724883769725224,19.93720992714966,20.042915310527157,21.1038310917664,20.08254275731906,20.95374641334093,20.451452230378425,19.863202193120927,21.154740700560602,20.2958805069333,21.536466343844825,20.673354287341102
21.69255103967243,20.242158144921152,21.606889769243352,20.179215449625797,21.354915170161288,21.483117324137048,19.809655199121764,20.75585321060299,21.590907210459633,19.82486683094052,20.186689023941728,20.625374839631696,20.475192623806986,21.718301017213935,20.35877491751932,21.10932778135674,20.924965831339424,20.893900924344905,19.8741738694993,21.480201721850122,20.248697876579527,20.099970992351313,19.862845253700023,20.857784594928308,20.366962253948767,21.635976745190284,20.932350531914476,20.54118556228284,20.00876089968309,19.994932478963584,21.58075468321541,21.06538762909662,21.0189195507684,20.644776066358713,20.068591429188107,20.226608374912008,20.032497073508306,20.21964427848431,20.274649504686018,20.250798098848016,20.700344268729765,20.205353545290766,20.106794507021903,21.482344578366803,20.04110465769606,20.619168809008936,21.302911621488228,20.46968964512765,19.777228259553407,20.578039194953877,20.17124519918768,21.642355679974276,19.87651164696528,21.143580514181718,21.23602400553553,20.421737441675894,21.2262697141171,20.415612255462186,20.62022127411476,20.20784545039675,21.042473847505228,21.77126226048849,21.694485925426996,21.39973408183347,20.09845408559155,20.231428065661326,21.632236546862973,21.36303807330256,22.015022263218086,22.387770652860233,22.073847901208993,21.55690322324311,22.017663757819744,21.271918991201485,21.111361195112735,22.75818141530566,21.043888339935776,21.316373924965195,21.72304678048831,21.9857795101388,20.8889797342632,21.512310780459774,20.900916055430805,20.669288884389214,20.982249037794723,20.209479973041148,20.808180795771143,21.39555536604665,20.846366551552425,21.688052135512653,20.37247633441882,20.476640603913904,21.090166525603998,20.78020512530832,20.42588810327223,20.61131695762766,20.895640754006102,20.774912358195596,21.166884617044644,21.308063376767024
20.110577991121573,21.132450674416045,19.990064465278042,20.872058070285988,19.923751184921326,19.98973726191114,20.360476063161936,21.02844866960008,20.26915175295185,20.68900121103029,20.553771525636204,21.59048659389958,21.485938626094534,21.4199892868094,21.657184847628024,21.58110711061649,20.953495116561,20.124934377826687,20.653538533561587,21.611988452553234,20.194382002085305,21.28089745898901,21.51617217823025,20.150226561443993,21.30777802085171,21.590643399318573,19.88558072726446,20.034547493292663,20.42043572175814,20.67569584201649,21.22820945727969,19.822511383809644,20.204162524738056,21.187871715370374,21.162441229436986,19.872766276972836,20.003668050276993,20.98676030433925,21.64146652116028,20.97012689765846,20.573030684909767,21.50950821629631,20.807003344206887,19.89602847758709,20.467272167588753,21.221322638030767,20.612032535160388,20.425069272138217,19.846828783789633,19.898921505662315,21.421097922231308,19.946101757364055,21.600966899454683,19.778708743087098,20.021897176546624,20.73359977312937,20.381960483965226,21.178805119425775,21.743595138081613,21.08294792717789,20.214236996439546,21.388188146422728,21.850185273512324,20.52584822203977,20.865558539301087,20.805828511456266,21.052608779992276,21.691792768239914,20.984307628238724,21.280381309359136,21.216280116795584,21.377598421951706,22.854163884381574,21.66680362354074,22.129964241531606,21.603946991432682,21.219385241956733,21.08479322779319,20.670785742340353,21.453686396446486,21.31092093691518,20.774140562344243,21.175593445030888,21.852494717349686,20.477434684310875,20.716160692975876,21.084569348204134,21.66959579190181,19.934282461532558,21.37474754184916,19.762881864024905,20.60420639138504,21.06955341910675,20.764086692689165,20.01564253655581,21.398593596081867,20.24483219708603,21.015773611972996,20.24632413540987,20.960643622128835
20.58618522849113,21.094388894649338,20.019663995214103,21.6336668495045,20.57964001542389,20.107795852475025,21.377069815692074,20.70937622659144,21.634176814149036,20.697689488530834,20.45221424734446,21.092187780955257,20.135956185974848,20.868133840281175,19.791530580735966,21.59929480857144,20.231630064341932,19.932541422759456,20.999926015047613,20.81400089297946,20.30550592732284,20.855708709024295,21.268962868099926,20.279856654256953,20.430639147443515,21.488648259842712,20.735523522468693,21.12923925980949,20.357808111177647,20.109775037686745,21.337930309340123,19.79836614906975,21.692539314139022,20.323613538191005,21.018227495368325,21.556225145317207,21.708984776541968,19.90636796932365,21.341734354529937,20.486716823136575,20.327257564051962,20.063290560627305,20.4677189217077,21.19367880719868,21.16129493783437,21.555020067927853,19.849625153582288,19.818402306046934,21.735411587470573,20.10702881960403,19.934142179032197,20.931060745301355,20.696103272163164,21.083763498607553,19.933396547029666,19.924844789305187,20.64626315124982,20.73371835224056,20.516593686152518,20.440407740703947,20.04182441272853,20.44454532009172,21.145587610884522,21.98539607913146,22.073474494737923,22.338696352889002,20.60202273002112,22.42961660032262,22.19920347291652,22.641420728741515,21.588400696975455,21.39564749373666,21.53340605929625,23.193872069217694,23.240645582934803,21.69505648341531,21.225435700944807,21.14471746236002,21.597859881203682,22.1024687329728,20.30930239688325,20.307622671847813,20.286342646338426,21.149148104580778,20.299789680524615,21.430491644168242,20.63091377532926,21.47330490198847,21.181520508836517,19.841750762864432,20.756869835253273,21.749693673180655,20.49745899836381,20.134999106376895,21.43280052900655,20.508042340591324,20.467798508011253,20.78703349362027,21.658958717636065,21.316831717226552
20.868422212753295,20.438546321143086,21.217714510190792,20.39513626784585,19.892780485709764,20.528206232568035,21.56779290422919,21.556515059517807,20.54594906113406,20.740252440222065,20.143067669931003,21.323557834188875,21.374999359813643,20.993846736169502,21.656527199246476,19.85049370538771,21.646110249958465,21.202257290421635,20.314023635378554,21.730205094449275,21.53622505596995,21.132449102871053,19.930854607930538,20.271669446278498,21.63579149201763,20.23397167132367,20.23292319277718,20.68139964521408,20.8381115461466,20.43966831090654,21.119505824533473,21.745414583245203,21.717741203488313,21.334771536241984,20.62571732235903,20.062591064218584,20.699148123507864,20.043799319829226,20.69724714979388,20.222141457993917,21.041314509649,21.73755743515303,21.264740385374836,20.109456084872956,21.026393461537452,20.025416748195802,20.536671641227457,20.69242682973934,20.006753688806672,21.416425617218472,21.666272307618932,20.73333214041523,20.558551037086186,19.861375722896376,20.41372599543995,20.46355439603214,20.658265563915663,20.714194303711462,19.91416167903896,21.651659607693475,21.123917735965076,20.32643063088807,21.042669669488625,21.22880463150729,21.275542488550332,20.680932529721016,22.21241447992598,22.516670547864862,21.529775462262645,21.662809924701644,23.32459060113185,23.320262622489015,23.443345363620303,23.134115823517398,22.144002041196327,22.613235795878634,22.887597151169587,22.276523414159513,21.46953796437133,20.950255186776516,21.543035462110037,21.10908864961475,20.333808694706175,21.77637233174323,21.3464607144387,20.505645677276384,20.04061886769899,21.188107486241044,21.322304762869173,20.277744718595404,21.290679237531634,20.652638763061145,20.748709479407314,20.28217698296084,21.579197222111365,19.855668365326014,20.840217344401125,21.718626067057468,19.818125030292855,19.93241323689443
21.50214347587626,19.826918703358377,21.749721858437912,19.922294218751794,20.961112153175275,19.939139944501658,21.105087231019205,20.03352680529203,20.073554502660738,20.271250076470217,21.229635854314754,20.169539921369765,20.27011910098371,20.925533228694697,19.912438676256098,19.97834293319072,20.991754313856653,20.39230623570035,21.61024603598822,21.61819035586509,20.94924757947524,20.770145784472145,21.484173983773754,21.437744055056893,20.039110280471277,20.348460506741144,20.07292713496028,20.91741646825626,20.130508485051664,19.945057047467117,21.187884535664985,20.128967008684583,21.635138385472626,21.46458970334242,21.35787744368925,20.324653139787554,21.678347476157136,21.413120751103435,20.775809759642186,19.814054295037476,20.222555049940535,20.1913925736947,21.697780434122798,19.88072599949524,19.807352250847988,21.162091722574214,20.436543311847117,21.118293832416427,20.23772642298784,20.207241577665123,21.47803270472101,21.385991525440705,20.30843273700983,20.42713950120208,20.224032757943142,20.260987012142657,21.09638275079642,20.52341820408816,19.808648690098693,20.312017518240133,20.23291231741724,20.25358663171817,22.02238023620075,20.19782150729666,20.56071080026963,20.91609290617183,21.18375469608033,21.24513370410889,23.055712022688205,21.9650497243507,23.288866031872395,22.936063076948326,21.76052259403378,22.644033804064392,22.29275442860968,21.511272712090094,21.464785967191023,21.373202477563215,21.683195501732197,22.322872106487857,21.129417956381246,22.109012411665248,20.840880578618624,21.914288219840525,21.232844578503688,21.262168674760584,20.464166679706985,21.58964468541792,20.05342454073156,21.330061020418288,20.14452702964979,20.762199464381244,20.858017803461113,21.605214182115144,21.314645084169875,20.967476882294267,20.221349542697904,21.49324530946511,20.204546696443447,21.656885842576266
20.774763146183982,20.858271290944753,20.57968499165319,20.63980322108028,19.945879676061512,21.66042492748025,21.178123079640663,20.429795905470147,21.06404198412864,20.684930756083638,21.364425069624268,19.788724059917083,20.48560515267833,19.940903144463046,20.798746118532648,20.738872330844217,20.54406677557213,20.30082870981876,21.578783140600045,21.073988931345536,20.65956233928538,19.761238058454644,21.049914221607086,21.750873594241433,21.464945652842975,20.361332502672823,20.808035217980553,20.117394904949556,19.943137141365746,20.045413986091017,20.74980820995721,21.556467805732414,20.09421311083611,20.227372183500705,20.814803563219552,19.904354209649593,21.45130017148731,20.8062776812612,19.835155794887356,21.258533931686955,21.755463500624707,20.61939922662481,19.81704627894672,20.287927149339367,21.210419574844018,20.67619817429475,20.00412841920977,21.519835763809596,20.903728103677945,21.12314732812695,21.589569011839412,19.876243693925446,19.946436943303034,21.09806529420472,20.769635766101516,21.341504853535653,21.481964706802525,20.135545779411267,20.83787718788611,20.012258288975005,21.48567472774421,20.97337594840063,20.609249187935223,21.65072816615242,20.988023810097214,20.712870057824812,21.003024545171296,20.974799226674186,22.627874970259306,23.294337616672596,22.914314171569885,23.009665536768185,22.396661608494107,22.293645636565408,23.019823685279015,23.006619655376458,23.07224000804547,22.218309293892908,22.62149668357407,21.05563180700634,21.471965095870907,22.060985475183884,21.52091426610283,21.162048148594028,20.24178502525422,20.731919689914026,20.956584475432745,19.802082007139678,19.998619635218265,21.281530571016614,20.06279665203372,21.413862001520748,21.570240755872607,21.287178739852106,21.24913109154698,21.4442387706974,20.73956020207815,20.162659668040753,20.626478711966595,21.22428815345689
21.54810190179649,20.008476225550147,20.598695244386782,21.166680296726504,20.07848187007991,21.143934228108602,21.25907910993832,20.139743280362257,20.41252800642118,21.429772163603374,20.640372043368053,20.777379708825972,20.440050396907466,19.841688977501605,20.432730719040055,20.311829021379108,20.932324437795437,21.722973483442523,20.288850285068555,20.97145393855441,19.84479034185285,20.382451936745227,21.743910401416333,19.94340579702984,20.517543640742655,20.44369188533351,20.026591832337008,21.243490705187433,20.774630084174536,20.895696574710115,21.702433224167237,21.36511823666299,21.482770561928263,20.527813414204733,20.75490457894886,20.56047258165957,19.915205794089506,20.015265909958714,20.459935300138984,21.69923397663186,21.41012669234796,20.35441259977965,21.1427619612251,19.949465451489274,20.00542703664152,20.641049899947223,21.436277896516724,19.794524803826313,19.99880118761083,20.815687534923796,20.319142977106466,19.885447536046968,20.924635514984995,20.782363339551896,21.366601484975668,21.547817619459185,19.93454843933557,21.52076604288464,21.494606865261474,20.88369584122337,21.451704694705295,21.068943575787454,20.063355698485843,21.76586442530034,22.229822841564744,20.78529664021315,21.66901735283955,21.912981066879784,22.365302006981445,23.33037387504426,23.04412094944598,23.407986160702233,23.26049562738338,21.91253917726488,23.006667228780135,23.104436388706656,22.09186619810243,22.916293238184963,21.186044356633285,20.5688222377335,21.03700726813437,21.91106612352405,21.945241586450297,20.669580187309712,21.59688005190943,20.328761820027662,21.288587865818698,20.369500626381477,20.53434254720104,21.51060396551687,20.172308624883925,21.593317886469865,20.793193024886822,21.65522402793822,21.21442502749743,20.511791618116206,20.17875438016421,21.169644471931676,21.359427140568513,20.47805190530433
20.48973492980982,20.834478410435143,20.922650441125672,20.845850679395284,21.308360586622367,19.776310081236964,20.32507142414483,21.682079812994235,20.867772484909878,20.760190639070963,19.892258979414553,20.038741758520402,20.15786678804018,20.54349841850084,20.627987433357596,20.8816072557869,20.001869280210652,20.49554353000235,21.243208092827846,20.199997677733148,20.8221140978925,20.28271193111925,20.19248506650247,20.718797824242895,20.750844882108574,21.157796963749718,20.841823208456013,20.239054132278028,20.929176800708017,20.667991455240433,21.22503152087,21.682523511454384,20.8323554792198,21.708422282641504,21.39041300626139,21.462215317451182,19.84541064703071,21.283659726141337,20.291248207053876,20.227688807956675,21.64549025688503,21.01663073832468,20.508006844482797,20.43611751603484,20.07045772089367,20.253054260728685,20.784124903367463,19.79118066179961,21.43780063451978,21.0557364532026,21.69237760808103,20.00138979701312,20.637383661373804,19.94051564279873,21.278737617762346,20.691546226348166,20.75484731256449,20.472986788818083,21.464992289575868,20.83768105616197,20.826339042513855,21.039723957425494,20.128483809062455,20.22075252397898,21.470620360834285,22.30057087016949,21.06873314064673,22.17289965985826,22.468487420484134,21.731193579957925,21.648760930523075,23.245246150308787,23.189663620526005,22.82210612241314,22.98470431189473,23.113870671280836,21.667439024448285,22.13233061050525,20.819665958567303,22.214603912220955,21.3697585206221,21.398040271356976,20.154396744810704,19.97918208167216,21.131913335459817,21.0386912750219,20.11886558119379,20.769274244013737,21.45059180812688,20.59227553675381,20.42114938905128,21.333490244722718,20.8110327462924,20.883647141388604,19.83984434905921,19.9995595192652,21.17759876023345,21.05479999615013,19.838146280687173,21.565472639637406
20.032795826086804,21.71523448466721,20.81515849633599,21.011500596465055,20.82086368174132,21.488458581957996,20.398798852867316,19.85608533343775,21.48914126706018,20.290203588247902,21.28866026682308,21.566379275123627,21.72315463846118,21.697976631433036,19.914446709129784,19.819518330413555,19.954857246728807,21.089877314575343,21.52350890434685,20.375041697732694,20.120952095554856,20.554164490455733,21.55736734996217,20.38696064717881,20.03249781329525,20.781735152046547,20.50233324392759,21.349644066862677,20.38397116005608,21.13725854582251,21.42408820047956,21.024615939754792,21.701425564002847,21.18321118931864,19.90201854922161,21.007246883062166,21.74877701250258,21.37125234888001,20.681186209101096,20.414357192411792,19.806957660735115,21.701751937421957,21.74016724141931,20.338220862472355,20.62736548657227,20.861732801952055,21.039361602542616,20.372440370140875,20.569362187758244,20.80941851251046,20.293793786975215,20.946207892921088,20.24177774173471,20.241289047859844,21.55403166486932,20.356893761329317,21.32634973373771,20.853142045529978,20.46845434401793,21.065027003923635,21.71396490275521,20.128671559077077,21.589512806299982,22.019698898557408,20.414575943513704,21.233608344262805,21.67676024294178,21.199563197676476,21.691501449948483,22.085059105980825,22.760419397354436,21.41163121433062,22.937650111660606,22.08028723377647,21.339244471201603,21.425617551508136,22.16925779744264,21.96893923444242,21.320560101389184,20.593296212388765,20.87094804576582,20.51751813326565,21.409536505514634,20.283119016462358,20.193271249135524,20.643434440374733,20.198430192951903,21.76553030849867,20.893507410270864,21.319770523570195,20.263718693497633,20.690195704000406,20.599726696630928,21.561963254771296,21.56325359576634,20.853039953811784,20.449491165844794,21.74820763084808,21.055294975435224,21.19994836626366
21.2291966451761,21.722421557646612,20.17963315809685,21.430105017809638,20.732962155597775,21.579035669374104,21.60750017301327,20.998609266804593,19.886919821033402,20.507071838449093,21.66739500914928,20.492941559834367,19.766314727372148,20.89708606290262,20.939702581858732,21.180839184643137,20.298789775907405,19.978419531211365,21.702467969188167,21.066232646177596,20.307563180766802,19.928794044512124,20.707945206289917,20.811558720019722,21.29190211262273,21.096543212146113,20.680117767562997,19.965779525576966,20.825389017944477,20.281703078979852,21.30396076883804,21.578767495200903,20.47525495649532,20.76330987967482,20.358112418715717,20.81584523350127,20.977467866218632,19.952879281459833,21.127376633885245,21.5657612684691,20.892736328162545,21.290867277759535,20.94217547944846,21.14218453021369,20.68475515839335,20.57618451535949,21.50066805850894,20.280473271867873,20.236262239406503,21.09009834206729,19.852185200903254,20.88495570026423,21.254738139850357,20.846478579583238,21.698321427731987,21.23332242382731,21.76249450535559,20.19814549934296,21.649736526697698,21.736059967032798,21.210621594160735,20.6314957910997,21.10042773576743,20.56717654986252,20.638441556637687,20.55788142597275,21.225575454896,21.467047667899024,21.803532409762013,21.88879121021228,21.98878699470975,22.46938625547937,21.24575428544396,22.222658024389116,22.0715960810715,22.28334394020297,21.25992007061071,22.346170013067127,20.800679911904947,21.803338942481258,21.960015939862927,21.880957878946646,20.888620250452863,21.04160024873448,20.60569643935519,21.02109463098703,20.67494697432663,21.420530289560713,21.314020609592802,20.16585981213033,20.74502864414446,21.59149982889079,21.571182583097197,20.353738284491975,20.899132161127742,20.179327444767626,21.577632074676046,19.848662694879707,20.25384461177839,20.41078103211515
20.162144485164465,21.447648526690607,20.622095785004074,20.687761779858523,21.11495876470272,20.29043869506186,21.056602838733262,20.580664679101154,21.37595369594831,21.47447203133618,19.962318170870464,19.87477235635189,20.68987042124758,20.83410880117739,21.745107574616544,20.366272846378823,20.690673723370605,20.582430869262403,21.669900854069347,21.183523901439163,20.473678550517814,21.672220100437187,21.397773933801027,21.48828866249264,21.06277165330975,21.71180145558868,21.24075074287926,21.604721355331115,20.4223840824307,19.81479613739183,19.87164929881848,21.71245961239804,20.965209150741572,20.01149132983478,19.80443996167314,21.706719326462412,20.06085508405685,19.827473902461787,20.914860107634546,21.478113129146855,20.663521136084892,20.92567156990597,21.31213552054837,20.22737807687393,21.747433072667796,19.861051555173926,21.052326194724937,21.045846136510345,21.110876864047633,21.047928622603287,20.218674633981447,20.16599292925891,21.526699897165965,20.62353102776165,21.732277932711085,21.69612010907105,21.717575873453516,21.44056316498437,21.173716744855202,20.350028015414548,20.215076925050766,20.11980595324147,21.487084674737474,21.913554445147593,20.366483019907072,20.76719342577322,21.069078965870037,20.55322719408931,21.032353023694196,22.088930401561868,22.34056079210948,22.317452209907923,22.681222933084072,22.409555142530685,20.926237207677467,22.53853096107476,20.907385764899665,21.021055051440907,21.552456248621358,21.975028303286027,21.44124050278828,21.691241889007962,20.275645582100427,21.260320959420397,20.94573425448374,21.227020356990543,21.45010125505054,20.604215471645222,20.948099904654672,21.494767350461075,20.300629375117456,20.17371295734236,20.522313867718903,20.22465762490422,21.606954141109163,20.347770635117463,20.410794808981457,20.828327549797404,20.92440199320316,20.729266113812358
20.278411829908258,20.200842949328354,21.51894304515726,19.828007688794322,21.244961095781214,20.09806892861844,21.675126866688302,21.47870306702912,21.556716953492874,21.211188384256467,21.268530120260237,20.538499083292884,21.258314798146696,21.153874272210185,20.45003680959151,20.806033155805935,21.412613618322375,20.64109295381185,20.924579292646484,20.63666708483447,20.339598186086583,21.17811828565472,20.793304428359928,19.967984614136707,20.29094396303423,21.62354698454379,20.367589736679992,20.28542690752308,20.01653227227428,21.35329680917176,20.177162533601464,21.535829478795144,21.282138527710035,21.403124297972493,20.498708669565076,21.102404258853905,21.534661562935106,20.373631754508665,20.950568901815146,20.26501261763345,20.783713461034754,20.452470710797314,20.78289596944272,21.39490238595823,20.420134152923787,21.329579682381283,20.996013738841718,21.186480927777854,20.18095685474432,19.829093051152583,21.710011324426695,21.642645160600715,20.13355870927359,21.38907248264615,20.961558670577656,21.40073464060288,20.801446296819567,20.28565199199612,21.144118225042064,20.19842292090053,20.01458234595977,20.41819342611896,21.825383817341702,21.772910541546374,21.395658146899528,20.90960353801445,20.925778366587164,20.669374552323326,21.245079963576643,21.32626196220904,22.44670585354042,21.484549149052498,21.34703309278631,21.10645669540734,20.870343860853044,21.743713966701215,21.72742125929943,21.656364551431796,20.6207498207568,20.766120407340342,21.355930767075076,21.66592924047218,20.276318197330795,20.704342693931743,21.76720399856147,20.593770985026033,21.750687938971133,21.699243503682236,21.420973687219124,21.005053959032043,20.209587949274677,20.18378338832933,21.29980436746862,19.95231339447902,19.835656064459915,21.563409312427627,21.265885275714016,20.858660017427894,20.909220082762424,20.85991826903381
21.251400543047097,21.488932108313236,21.00808054620809,20.57688487332888,20.31878800381474,20.388069185919427,20.603916471622536,19.903897354699243,21.401372563339798,20.391299578502778,21.271291895002424,21.14190315562179,20.593074154503363,20.81266129533631,20.010217548214083,21.411358554989587,21.488890405924902,20.07556861603672,20.003419578911263,20.817151593926607,19.76185713561436,20.441809176086196,21.001454384970696,20.582096059725878,19.908838400073204,20.65902772825159,21.60121179776905,20.29079977467589,20.08447218032628,21.629772147463925,20.058171903932664,21.05865131300317,20.772809990079935,19.89200458997899,20.273850594697464,21.478495594338913,21.644989094847887,21.56232053908522,21.217279130932386,20.57880027259021,21.05793874145356,20.034779272019996,20.545830305962717,20.25989422612476,21.73467506066003,21.575130384129174,20.82103765620521,20.00482375120489,21.44568302480037,21.69040692110386,21.25877026143158,20.422416913159985,20.789595283432714,21.608205627921212,21.40425253326098,19.838341875499303,21.00644487874379,19.94654255114275,20.563186033228522,20.556585288444026,20.89809523586154,21.61794737047543,21.437266882852676,21.227678195390155,21.396045415624574,20.45054131120794,20.688650175861763,21.54179005483835,21.129516481744464,22.240707384577775,22.156502486957102,21.5872096139149,20.5590209516946,22.442731504215697,21.928284683168737,20.403955786713432,22.21493736852509,21.546106976074512,21.225840826893776,20.611955961739376,21.55699451395655,20.43994744718596,19.964357080956383,19.84959631930847,20.44527758785782,21.04496488339366,20.73252312323055,19.786021520468097,19.959419467342443,20.02869892329339,20.848568250983906,20.029117861291816,20.833539149350155,20.236519119497085,20.556826307838456,21.631046405939884,21.420189869303897,20.384005197551133,20.705787626662413,21.113744436912118
20.405063615258562,20.843282472851257,20.65078625870693,19.981654799322875,20.017273633291023,21.519219008493963,20.472194462564687,21.678195536725116,20.900300751175607,21.398242748354235,20.37695057014059,20.619052605460947,21.27375523479836,20.165651563162935,21.60854170802412,20.07774470970741,20.632242883170992,21.09325419428424,21.669164864168987,20.87596186095673,20.074362538593274,20.87600421983934,20.78597765316274,20.00122195746496,21.69213294094899,21.640167677475414,21.09531923751002,20.47913987489637,21.076068944411123,20.803734048080507,19.82354410113633,20.663351352785064,21.646371449287155,20.95172367162284,20.862003103510705,20.497391066379926,20.014951631441622,20.723240506287503,20.822737999119283,20.955796103648755,20.015303010193136,20.621521909111706,20.761255199921635,21.39246948928453,20.971360182471397,20.469340888758044,20.33972460567565,20.140495740025663,20.718105977771078,20.930724531275807,21.56388379957262,20.162939347847562,21.57017394727465,21.397006223519394,20.884102003763093,19.9086363239459,21.138984443184917,21.75298736400784,20.8354386546782,20.273099250445068,21.54355811914705,19.946768728082066,20.092406331395186,21.1579028138331,20.441933215154744,20.848281521753606,21.48697735789121,21.2483125529884,21.211116846211393,20.938102748914364,21.52611672849103,20.497363646995222,20.87593496765038,22.010709964752635,21.421080104884897,20.45967638406916,20.20411675787576,20.970048287934876,20.182796747919923,20.48360748570889,21.187978587500503,20.256665492135028,20.56405889945856,21.084540167252147,20.436777724244056,20.929470031435873,19.95568310201948,21.60517286445523,21.399294629779757,21.547945463240122,20.194496075043276,20.085182529483514,21.514866463977587,20.026758014026246,20.37698352693114,20.283512583841087,20.35638079042088,20.899569439695235,20.113473485201343,21.1496465931635
19.891993856978257,21.2104504452312,21.10659199992105,21.720222361434356,21.336181370010046,21.579974832233738,20.771046422003213,20.113236231659595,20.5523542438995,20.532342923373875,20.857809471992375,20.379714807355647,20.76538419893491,20.648182290969498,20.722496231308792,21.042395564884995,20.074625162277854,20.946772301181905,21.464819082374305,20.194603458237218,20.816753073432103,20.327726215709866,20.82501148399833,20.880194550740395,20.088609690037856,20.104240570000883,21.528824097660657,21.350977082436966,21.63356135208239,21.32113716874959,20.508297914039392,21.253769795145686,21.633460560646075,20.053624090365574,20.98589148823927,20.696936150036077,21.233972764755443,21.547430662644103,20.15159456389705,21.526081723093533,21.292614463823362,20.800386633734522,20.695349734933778,20.009014306345787,21.709840709676236,19.811296318261984,20.514297670110306,20.375313010379436,21.604181396360815,20.286525124271453,20.814031897507284,20.85467502583895,21.128836329184477,20.83281716741904,21.095012645314156,21.360934952250442,20.100166244680107,21.713489119115412,20.238076826660247,21.458529097604607,20.11831130981256,20.09359464556744,20.561121247264385,21.672314951784152,20.100565153093218,21.087334078927043,20.359080335513646,20.58572675109198,22.034574908602337,21.539080505265677,21.724985992377597,20.189306377475365,20.865366779314936,21.889398558972424,21.64219279143147,21.42111643327769,21.723038925551126,20.763319254520255,21.497876943087604,21.074165011160826,20.406126725017515,21.012279567061587,21.759641950429938,21.302730275444127,21.366262900992975,20.7266580653635,20.58076826376086,19.935209377073587,21.00314419699483,19.862712142795623,20.92786684762689,20.311768083124267,21.284058640759802,20.47306135385929,19.99579135539796,20.165308417458785,20.209062034083153,20.445443095998055,20.629799928491536,20.956845710394205
19.98570882540505,19.92108741125595,21.515980101864944,20.112030564601064,20.70514908306695,21.633006960059557,21.40926216306309,20.375108018152677,21.377930250040404,21.029795348371213,21.0510038681514,21.07042947752563,20.663182521256793,19.932011293473376,21.687406613928793,20.58435517158696,20.47299709678553,19.919540320319992,21.6456442941529,20.517448602676787,21.58390458167473,19.878260146973442,21.21464209699284,21.094869998270056,21.55593586839123,21.275859875021304,20.779180691206058,19.883717187229248,21.4776597607749,21.02037304352831,21.35457994086482,20.22788994068037,20.131260358965488,19.9411335504433,21.624969918121828,20.826516718380798,21.664899367503835,21.68153150263902,20.479593955233142,21.726325208958553,21.732863158830167,21.374776884487357,20.854759601030903,20.007879785846576,21.00463095165909,20.488544431315745,21.606778616647464,21.11540817056146,21.26085772085244,20.682622878215792,20.778218777517747,21.22855296817761,20.239544221695716,20.404537001506164,21.370832079388112,21.697321260631053,20.8903407441262,21.129285976939517,20.160678591652808,21.671759248540198,21.688268894648484,20.801961659571354,20.601109247482004,21.09834503379692,19.95827352530857,20.165953656975233,19.942310595946193,20.33555140906401,21.275371337228844,20.58856784148885,21.834826507247975,21.092769772168463,21.39301211705959,20.102908933970877,21.726565571085263,21.715206323799055,21.08674066210093,20.148113388586633,21.324031467012798,21.432054852632422,20.645045172231637,20.64081007824661,20.203834910207622,21.55549557875937,20.197961600463273,20.48315020416028,19.818725948663918,21.601234578994003,20.11034983649688,20.637811456885384,20.845512733920362,21.723753680965913,21.03936528420214,20.72897246726494,19.878984606980335,21.32293650969592,21.743623714154158,20.34314324849211,20.596039918872812,21.094676751344323
21.54660201840049,20.108270785080332,21.10560855602884,19.867290505691084,20.169289086886657,19.811299118291494,21.221400149987527,21.206535247682496,21.087072519947636,20.5434481444827,21.739805314161504,21.551069604831003,21.320138720409073,20.71319827206441,20.358149749303337,21.533635292141064,20.97945060688018,20.21555158345029,20.057428629693096,19.975873659128602,21.53520271072985,19.78357571986905,20.400679872195887,20.50121460399224,20.44987214662215,20.804166427848262,21.404955830068843,21.098717813207024,20.94150909497578,20.54414818998557,21.305180371018935,20.159877922709725,20.450071020288018,21.147949981588162,21.337520512664312,21.19442373787372,21.70568200338557,21.2166736379523,21.241051428936228,21.264698020824135,21.07998496660069,20.180354867167264,21.573317421041413,21.072036417850796,20.06083099335618,20.07969446922569,20.86194966641434,20.356745243096213,20.470766767814677,21.58639354793214,20.86878961208588,20.949800204179123,20.197871602995725,20.23564224588396,20.94691742511111,21.41404455650649,21.687675517881637,21.342577986439828,20.276697331838307,20.48955516412008,19.876441675280354,19.870185781885912,20.147012676159132,19.840635053878152,20.664521033673616,20.201348527521706,20.763265687009792,20.423193040294997,21.484395651759,21.903891786613144,21.22535571854198,20.165259475959715,21.02164671425749,21.39000401858046,21.48388912755045,19.93071083863886,21.418197335238496,21.035376298824463,21.4807410250488,20.909410378756316,20.979891259553213,21.10204076532203,21.51425642353916,20.86096216705802,21.6220788753771,21.549310757362115,20.396169391853316,20.21035415965608,19.768320116244343,19.863727776836715,21.603605485434876,21.10015797709903,21.008536732415116,21.618254625458647,21.183931383935686,20.745127738509883,20.827329063580656,21.01208001462138,20.786853072047357,20.50718953116101
21.72407360204077,21.057026103949962,21.31768196883939,19.981907126023394,21.748499834110582,21.715117133587622,20.686481952683028,21.016430975273945,20.85406085536358,21.178604147479785,19.792859953474412,20.642076542646826,20.824499383067625,20.214506132992078,21.07096615146793,21.334388111479814,21.035347220665873,20.84157345004719,21.591031900825975,20.091905337044167,20.119171173745844,20.936582122469243,20.442949201251633,21.504102135782087,19.87225662172618,21.16661024369651,21.462481115205545,20.382373134536827,20.978639159482253,21.295552541740285,20.663426907916246,19.777590522421697,21.267008234191692,20.841440564633324,20.6140933035591,19.799131707113794,20.187843945993116,20.64481244606514,20.769971504063644,21.46089920988657,20.759239435803543,21.631222279774924,20.426858661471147,19.868189145164653,20.846441509889495,20.784509599188777,19.862600892894314,19.983096521497014,20.636858223372652,21.09818603323297,19.78777131323324,21.0503974132974,21.650067411265574,21.612074163722937,21.52635358549861,20.429016875769086,21.590530678526576,20.364853243939706,21.611566766579223,20.210735990463764,21.50250928905493,20.10060999664611,21.16725028455514,21.37608245863111,20.913076437768044,21.38110476221302,21.26019844526513,20.81815661011223,20.940135140373382,20.86635263236465,21.258609941581472,21.80548136145073,21.483051136561954,21.679102188403565,19.924676285521926,19.997603169657516,20.583831097746405,20.507769255340463,20.881735333925594,21.014757564961958,20.07019384756275,20.200033483939315,20.836272902625556,20.655717470613286,20.36995135115711,20.502191466171126,21.058015930150592,20.070313423817034,20.348117760705808,20.042560836974467,21.656966592533312,21.658816536462943,21.48187456398401,20.025447010940596,20.562408987303336,21.431725187475255,21.630798306035288,20.749993362314257,21.123408542970527,21.551007731021635
20.20250202854018,21.1198787225756,19.950689686651437,19.903909253983247,20.692992873612113,20.87307592894254,20.74446345013671,20.883698849350907,21.181424854680017,20.130206591733756,21.113294292337837,20.123024511664337,21.480525530340177,21.144870431379008,20.36336199453869,20.598665351474015,19.961648949723447,20.40908955421945,21.265228006321337,19.937567817347812,20.720694414177466,20.08510282200321,20.240957467049085,21.63971777914906,21.423539776574277,20.556468082280425,21.230458884261388,21.645117795774958,19.970235445896538,20.51181819663418,19.944885740782034,20.155401829702488,20.643120195579407,20.100445664374977,20.483574720180947,21.289129158304686,21.497349132182105,20.000999574839433,21.3288620949715,20.0214398507455,21.094668558245385,20.789065030955115,21.288357371981352,20.24371368369931,19.877603225076836,21.452247289119853,21.304700568870686,21.20068622772968,21.383079726335918,20.163635831372883,20.068255688426714,20.43162921389061,21.09872846451395,21.267854074923218,20.85731923794083,21.070650514364896,21.550329955385152,21.739290988651057,21.54099484877059,21.39834758178882,20.00670616766612,20.2210413516567,20.428007058921928,20.656873199133166,20.525685144636647,21.4215526105111,20.227524741958145,19.839578292578913,21.155267714407675,20.340607573407684,20.75661026606192,20.356688732878375,20.980555699648857,21.783607204803165,20.381731914819984,20.08962606075054,21.1595414774121,20.990019536430434,21.362077848834314,20.842985939670598,21.419938772320993,20.9636067331046,20.731825176216798,19.9156358952144,20.966928326251928,20.99099540520337,20.392169067831624,21.63215704822659,20.50264701237405,20.14061071153801,20.96955482920108,21.64015913804721,21.745516077317337,21.300175439307335,20.960688061250295,21.5595476058382,20.590363424884984,19.932450835873006,21.02998328514496,20.472653981270867
19.8721525521407,20.754632271381922,20.66082404474761,19.929562635988407,20.507323912739864,21.10801045138993,19.953277246157718,21.105076135199617,21.411336582052144,20.411281040547497,21.235278536342086,21.44643335351012,20.130061258287792,21.239792282601094,20.313485191956723,20.24140153971515,21.383813558776545,21.331520768698503,21.509679612271338,19.91408295106005,20.94612014052499,21.09599291243792,20.4240908495452,21.405163196384546,19.953070439429265,19.842501791596042,21.340900216344803,20.966349162137565,21.17738071190036,19.849342320376742,21.066833039926998,21.136320761308603,20.45215626814702,21.001944070208115,20.275601834890214,19.85235551801306,20.759969303415946,20.70094679829688,19.906527239274865,21.156578264954344,20.22098433675697,20.599140742887528,21.229512604454403,21.301545951960346,20.98977167001786,21.169451155957166,19.919591853876206,20.263666262152682,20.095747159768536,20.65764929084259,20.333384713064607,20.785532607308063,21.414903532597393,21.458704357796965,20.02634540619842,20.614274799464788,20.115856635467654,19.858359997205326,20.944208709979026,19.87743856726573,19.86487621736027,20.55338815007786,20.187451501785382,20.068230455590356,20.66674232959924,20.525833626681973,20.782380662901947,20.72126546660378,20.191296963197562,20.483113792243067,20.536991155966863,19.92626373948833,21.785284099569296,20.571199177531334,21.712171850979257,20.25775479949343,19.869442736100737,20.96321490627013,20.95048013752617,20.424340010814728,21.01010598352264,21.753048033081612,21.38001618734632,20.50443653314736,20.68278788105332,20.09920538255376,20.11156292998805,21.6934537919083,19.7937541387366,21.0423305678148,21.68160298914808,21.212154415442654,21.28776361182091,20.975677226924507,20.20725137184223,21.331547952426057,20.64131631704804,21.229025427349427,20.19013303521056,20.304308985406912
20.527190330530317,21.402569375520578,21.535724784533915,20.12909674256168,21.426892142227867,21.113419294348002,20.755585964062902,20.260758114064245,21.04633168130527,19.840195779589816,20.270220226058612,19.765332832940345,20.077650946029,21.574437086327205,20.36612633369866,20.26448263768029,21.376168924754356,21.13569794090954,20.9421302289346,20.52715003869643,20.838526660222545,21.719421808197595,19.839274634794723,20.774548328270917,20.69549533819541,19.924818999629263,21.151179161197998,20.47664426986563,20.940098185747654,21.584704842583857,20.891087329490603,20.024647007983532,20.951832320454795,21.46386468754349,21.202689988861486,20.603796527849738,20.180086613959595,21.547183798843268,20.76353793217488,20.765036752052477,20.869815198536678,20.167765682924994,19.887797545038225,20.583548712953792,20.9215030433232,20.034873701535115,21.046917931559726,20.273641160382173,19.762119361402405,21.742608415990244,20.92211595325708,21.420894830129996,21.005248997138253,21.52917752115417,20.349623491122017,21.413908987598138,19.987418359515605,21.639633439301097,20.483245579348598,21.055864489983804,20.539176904228576,20.775770224371357,20.97194806964694,20.043418202739794,21.47032653101972,21.009443401240148,20.91494312997142,21.323805298729717,20.727854060993455,20.96814737705264,21.72799116436818,19.8102632841247,20.760810716125537,21.27227804224543,20.162018294095706,19.78049753129984,20.740884169471272,20.66593560579742,20.799694709370307,20.804408135933723,20.139044967874714,21.605997009346595,21.301983515523307,20.05363402043517,21.29449074519709,20.679050851467903,20.180356651933877,20.62692400817734,20.59422863679921,20.700791899847733,21.080558054046204,20.238945814385392,20.781637445519575,20.945337237551154,20.048616974066096,21.644735783589955,20.27818569761345,20.954184740007488,20.184064525665573,21.720005515596664
21.33871204034606,20.20531652851602,19.961404059464197,21.605939715684578,20.234959853786414,21.62420510961789,21.65232917446235,19.947621739779105,21.295302172689624,20.288338438494385,20.286375189420397,20.92450849702019,20.609585362915368,20.66993211560069,19.991079814938182,21.20160041633548,20.5960187987895,20.30602158005665,21.627994146092902,20.326109686469525,21.13071250884644,21.25901241060593,20.665912399084,21.347409459596342,21.695266527556928,21.34642394949884,20.052133980380443,20.88278554651257,20.34592705898349,20.9449570890965,20.28606139296221,21.437520461616835,21.610690818325455,21.005461772670127,20.351771889008727,20.478582861518596,20.28359815045405,20.328217012266464,20.46602295053465,20.483656055924254,20.354087272432224,20.059318710495276,20.20164668368933,20.117032369607706,21.65602328358862,21.164893066457648,20.569876700526127,21.689692182003704,20.59696005853334,20.77483415641218,20.45800863800541,20.56772245157652,21.390214155957327,20.484793924335413,21.558423862766983,21.045418200758373,20.652513677320297,19.798768950921723,20.004552777345847,20.86922382199759,20.524276988897377,20.57797068267564,21.742835535286435,20.3098148417684,20.517384980807915,20.630033982014996,20.26318121870699,20.809511670369123,20.703341094564884,20.028714611250702,19.835814581998005,19.781426104620266,20.03283028789096,20.945097840140154,21.728936991707464,21.748195426352023,20.748609817803125,20.798054468780393,20.394968803541474,20.12964838504117,20.52041296171566,21.73463389969682,19.78771526303968,20.916238043406146,21.38564069541006,20.438823086650935,20.992129907285165,20.098893602888893,21.18351526286475,21.198098568372277,21.17596003168363,20.143994384389075,21.425160832403247,20.25337226886727,21.446027179202535,20.14746199348181,21.03652453436949,20.2786993318812,21.27925064381801,20.647871269172622
21.09066424723987,21.021651219352144,20.04252830789011,20.063096449906944,20.597513512133215,21.364933070643335,20.577359738802667,20.30903534270794,21.6085605300543,21.338613793774744,20.534952515045614,19.91445918663599,19.94458506910676,21.75815008503279,21.71827395451289,20.843615438056506,20.679212909593996,20.104830903878607,20.86164636314663,20.78809208900575,21.456167803896708,19.795365979173642,20.179470982170354,20.013751725680166,21.27399191561753,21.193808429833574,21.59612770976407,20.007668070230412,20.231927158692713,19.826731682833948,21.117927272302026,20.30929354317316,19.900755205485307,20.951493420050245,20.393381000093203,20.378593050367822,21.55471311017299,21.65583658114674,21.64198937752655,20.58260898790089,21.43880781284255,21.52204947144295,21.276121075969805,20.09665505051638,20.345719497815992,21.698292978284563,19.9501925606821,19.98708946538828,21.727094258080683,20.039897176671175,21.048626794985008,21.42125899719839,20.43416503954474,20.093008258382238,19.788462452811647,21.37743116640906,21.17461701332242,21.232980095413804,21.20625875874663,20.82225768535535,20.46093044054558,19.875857042861774,21.697620538628676,20.209229033480746,20.68690575314129,21.135625417452584,21.00697371899548,20.42920224000114,21.346894050579685,20.387636647933444,20.390862794646186,21.146272481246935,21.06382247415635,19.9241199259142,20.460284984391514,21.37078146763049,21.049654145367867,20.06083649023994,20.126671410175366,21.474664574990722,21.678193228603146,20.918513761055358,21.29336126083586,21.737999097332544,21.053562697356956,21.071837414167245,21.236233427036797,21.372676842590298,21.174466387089,21.729483251967668,20.958280878273133,19.859797512209653,20.286505245964737,20.101525333569178,20.652134832940146,21.504414379299956,19.91056304080257,20.877506410431536,21.285027814302577,20.513643605087076
20.974371968361105,21.00948618040428,20.152392605579173,20.881255332486106,20.38226574077157,20.30809574435062,20.813795803489626,20.01271716530865,20.060617483274772,21.618875811296153,21.074078482023403,20.803012683326923,20.84812357095515,20.777879786184066,21.67759305883141,21.75332358953495,20.753979436712726,21.08083647594296,21.06594327594379,21.28343173682968,21.23957025031561,20.568042406564164,21.688536480584162,20.76660001703925,20.340362699100382,21.644287547767412,20.375288280864698,21.21806865179405,21.53553171792604,21.398845609839444,20.62720500180454,21.08853242070827,20.968571341939523,20.628682937485593,21.107074448111,21.47651648570297,21.129991820577935,20.06017846099169,20.599747474394384,20.925915666223503,19.854159751131462,20.5319593045787,20.914178171736527,20.85728635639601,21.73109081972394,21.058144454068273,20.02059532571344,20.03157630891199,20.771722919416828,20.085170898579122,21.15368637963173,21.41846247165882,20.398530272279324,20.62315522247219,20.292345023768252,20.878124928047395,20.160807539991023,20.029535955591648,21.21482979846953,19.97347464755057,20.36538772126731,21.325580566497543,21.674875944559222,20.533759857367585,20.39553205831671,20.80828852283934,20.824043720929822,21.59255797002003,20.00431921495287,20.156203134115323,20.271443314000653,20.17728746549564,21.674221526385523,19.789673374969325,19.80932319005943,21.288148664531693,21.406234048113664,20.699796202122165,20.86059451658398,19.94190693469068,20.99605035682003,19.878276758261883,21.496646567394937,20.892311384432084,21.003936911622933,21.64114223795249,21.049029913442595,20.221245354912273,19.826165472339977,20.479261925471075,20.327902596863552,19.926782824802498,20.017063077580758,21.421623626216796,20.513824669952616,19.807938660885828,20.729882200455425,20.669177057097382,20.10508447435309,21.420888950613953
19.9129578894621,21.03182466612571,20.26099040772607,20.866490805024032,20.331013543750768,21.445850025101123,21.160303532846914,21.70248303471523,20.651423978197748,20.85445113060006,20.166582137563058,21.355137345806074,21.568599270292736,21.263508824038585,21.44050661804788,20.307143345026194,20.973883523722883,19.961104776509135,21.469270642364435,20.25900456977309,20.58452249149275,20.984190845230284,20.353530973210358,20.815913690231383,20.007263521256522,21.621177631100004,21.625729604383448,20.618275924158798,21.032563449641444,19.785462130062232,21.062219940318695,19.9816967689609,20.57235050945099,21.701761689816763,19.7837008552505,20.44868064216468,20.643475382749124,20.289538996598115,21.19515370955973,20.499771034895417,21.594183603397227,20.129413473142456,19.89497688717589,20.362865979173797,21.188504473070243,19.78146622657216,19.8162881471321,20.608498519019108,21.41858887730001,19.90343370404119,20.208250768535265,20.70213439011593,20.68718603311103,21.13008538998959,20.88304487200423,20.61846688867608,19.939981728928394,20.66433279781805,21.735591372775946,20.3407876984511,20.169590361934628,20.29096661406207,21.550711768413077,19.92970392237704,20.980912576303194,21.235594155014777,19.882021145179504,20.670218254932543,19.813238502790444,20.655988057758563,21.269456827027696,20.952070702781523,20.191191911111037,20.887158607268397,21.41288183503552,21.190287866036513,21.258135716430807,20.472003943731586,21.72061641559426,20.72303725323868,21.234474541939232,20.01846815216317,20.451747141902388,21.64517524310594,20.857949490876308,20.94395243415637,20.50270035475011,20.689587932266104,21.34126590514271,20.216643349805114,21.14435790690648,20.58467479727525,20.304072365385224,20.477311761249794,19.961903449200722,20.762037706066792,19.836922586145505,20.753507752059335,19.831729995159357,21.31414616554802
20.717356844605945,20.86808844071174,21.03571652251815,21.545264396481763,20.51782786073588,20.593120872697263,21.261200367648282,20.72956231211808,19.86611537127164,21.22565667464861,20.799868739204562,21.613351758640338,20.40228229968164,20.68185957750396,21.628153441032726,20.913385988552506,21.056956932550168,19.860664948810374,21.06070682520448,21.6961438079236,20.28526631231921,20.429083758252176,20.84853350276935,21.011899472973123,20.23091476866653,20.69155992294614,20.71916690719754,21.389794078890603,20.195940741814557,21.60419676417269,20.341389631672598,21.38629804053012,20.127408047386023,21.722075574480836,19.78333240969393,21.692342318347112,20.548506059890023,21.042170225965577,20.624217939993983,20.008855563873503,20.209397304542847,21.74031344584809,21.616514075423844,20.94227696929197,20.025022151430015,21.7071001978373,19.978992038433848,20.56011006399721,20.97086491978556,20.25862114869087,19.85146849972616,21.435485158057062,21.233533382606147,21.45947107804214,20.029630952841597,21.32574304118094,20.89077000773776,20.254171078234613,21.43078093186046,20.07617492900535,21.045607910491395,21.13085714127718,20.217029213221792,21.110299758619778,20.108169852408423,20.77112949605597,20.98366603708496,20.039553789389082,21.30251531174273,21.68231056313886,20.875513137948133,21.546375763827022,20.940426694738342,21.506437118805646,20.083490591178023,21.58615124556588,20.904429667468264,20.586432382795962,19.779075754060198,20.39061973277369,20.398412299217902,20.471773522446647,20.901994180480585,20.735747228336383,21.21299595860708,20.45632381567551,21.118315966363333,21.744989961637334,21.065544340657542,21.24244335066476,20.332843053961465,21.541738137228997,21.400284660876945,20.84290329648096,20.038087579555423,20.25937277487073,20.495125417434096,19.914014060444767,21.72366373691109,21.162509141975193
21.018262047456815,20.63765582017354,21.400587349939723,19.913598002417626,20.854934746067126,20.560865992706837,21.084626276255413,20.789518877051275,20.88925608470597,20.523798588457954,20.23943703588474,20.552746581873933,19.897980585364536,20.91691365086677,21.22672041470341,20.19875585144701,21.59821623172566,19.95450210534129,19.867735882630928,20.813445764939857,21.067552242097054,20.10945093154683,21.44882048661974,20.839708771427464,20.584542269772044,20.44761319644289,21.74444565762586,20.107470637826907,21.16842822732631,20.41771847012379,19.97100150492023,20.84277078767429,21.50685119533577,20.625815732408768,20.519403669978068,20.522126181265037,20.433279980269162,21.61941032448436,21.301914321158446,21.730085045292462,20.236984451155738,20.592390998201804,20.27062745794377,21.672782146704336,20.73694617846537,20.020601356935494,20.23852797607214,21.4525727842288,20.93945868964055,20.56375914100429,21.013199256006263,21.30455958147669,21.503565585036725,19.785183988996582,19.78455090259816,20.90747158261479,20.537384017652457,20.946423794898628,20.423874149404277,20.564475601558694,20.898336463264265,20.7573049893675,21.099781206551874,20.873531797611495,20.964584894850397,21.10893983774561,20.656187440965994,20.633442602160258,20.123447566905938,20.645343095391503,20.321926648080836,21.539603782924402,20.380645773233528,20.106029020986952,20.563628234298665,21.306735096979942,21.277206667592036,20.74764665322327,21.7034478983138,21.657896853528726,21.40249005942437,21.65414385195747,20.958821500645463,21.371603932547664,21.35520315442186,21.165787978698795,21.262633350259918,19.96620859287353,19.881260093315454,21.14427852422649,20.416916914822828,19.81742228743859,20.240096304376085,20.572894018577976,20.881729926639355,20.905260152922448,21.05785202384332,21.17390105251448,21.176618317704534,21.19191104416984
20.774331953021562,20.13237932848192,20.41572641183786,21.703648709885627,21.648667259242337,20.613316894468785,20.087080336615262,21.599497923395425,19.97552252074121,19.89791544766244,20.03638626272046,21.114218736178522,20.78626117639688,20.754068460734974,20.06498900718221,20.22283836813221,20.29519646827109,20.153733147867886,20.07724069403081,21.032470333920227,20.923198817277008,20.11893278373885,20.965959920178083,20.863495461421675,20.87448180029747,21.725231630467455,21.35221010587319,21.093020848401135,21.178244097949925,20.704733646839326,20.69545225873018,20.13586199335032,21.19094706540377,20.180155753770983,21.209266605743306,21.036672278556093,21.117671811910917,19.999511054593913,20.87203787254066,21.39272243530546,20.25658277552512,21.09153478300816,21.549834629674457,20.851719919196956,20.67878638268909,20.83623863376589,20.48145047864283,20.391235950247623,20.519781091457986,21.610699810145107,21.493973665402947,20.008878453600452,19.763106171481212,19.99135279835528,19.98705134995244,20.870876185755076,20.47162727396375,21.549984417867446,21.197382864842435,21.46604328604493,20.027310328753813,20.858380123790212,21.144269991003704,21.146250608370476,20.03480699609985,20.063583638902163,21.421932576668166,21.468685345655647,21.207761411959464,20.464758223992092,21.531670531777866,20.65758607779586,19.815447105135267,20.767990160723063,21.514852451536925,20.527994073257513,21.675883832285887,21.416955023786375,20.501921524014254,20.985217544995134,20.268766346466016,21.55679682826251,20.19249166394819,20.368244067234624,21.505421618981565,21.589966449810042,20.407450039713584,20.45682141757483,20.518191182391853,21.672298766725323,20.630487409918103,21.20347461598304,20.011320280518127,20.7628596136124,20.968429264779978,21.285025658431703,21.209517653507735,20.152279936425472,20.990114712829808,20.603943649622224
20.00474919553723,21.03255198626769,20.572546214873842,20.815655305180943,19.973436594391554,21.23035420809911,20.953450401062447,20.214106749015738,20.04115831674003,21.33403345682179,20.42030940320844,21.44144526295796,20.901667097454403,21.54228710576761,21.291485635654663,20.558649321109066,21.628733681624162,20.3766207778295,21.153381351901235,21.659585273200957,19.930516548150425,19.92898741113952,21.58209206398727,21.676766231395085,21.355126023533966,21.12363633012652,20.261411206080307,19.861136362473918,21.052253460548492,20.54848884290464,21.357480775109575,20.019617651717102,20.903603593888974,21.224684011114686,20.00993996607899,20.61272239270197,21.143472398992845,20.398503882790845,20.904602377628827,21.243764584886044,20.60219983149385,20.673326971473923,21.657624546607636,21.654473435459575,21.753113160906384,20.42574331669293,21.739974207780897,19.839762034023327,20.452961411248694,21.69742609764087,21.003690471033284,19.982431927586415,21.20521431042575,21.575795674666132,21.503945129384576,20.435012793184345,20.445802522056898,21.404992955710966,21.67754187847088,21.739138849772537,20.857647599587178,21.392693612009154,21.32493056539226,20.67663666802799,21.401682091907073,20.587808035766248,20.789637328265524,21.408415627416016,21.64354583083561,21.68403927643918,20.240454104124762,21.38660489631678,21.734824790343676,19.969290145068484,20.064257181702363,21.262842612629548,21.628176055746987,20.697349710864277,20.66382293009311,21.647449834840295,20.059198087504257,21.584102480689136,21.11674373154925,21.241041677156698,21.10617963288769,20.984822478986644,21.59390877468558,21.03929641849434,21.228988122585594,19.81496846744851,21.221900545280025,20.011822107193236,21.683445867700996,20.65379408273301,21.368703851365943,21.41224145554974,21.59572597516765,20.316594060733692,20.377577729024303,20.296305041919286
20.217652635876846,21.363791926233716,21.40298359576044,21.155592883199965,20.321934909947437,19.931505189789277,20.62462515221798,21.301653134491264,20.472354106750778,20.350076174990882,21.311523604343755,21.64321491955911,21.41019431858644,21.659653232474362,21.233615689895043,20.749229055770986,21.110829711971313,19.932964292534457,20.696428129096738,20.914381768429458,21.34715308415518,20.712699020162244,20.537973589490676,21.5244458353515,21.11187617168352,19.964740320190486,20.930508384857838,21.35590034799469,19.829690825446278,20.658761293889665,20.114450265985873,20.96621308891394,21.273603076208687,19.89362057373569,21.110073762944836,21.40920953257473,20.80506250733882,20.579309843964854,20.248151993255632,20.614281832086995,20.872569903586445,19.846606331198068,21.475991240346104,20.572391465771574,19.90391895027793,19.941860302786985,21.00980713417835,20.79889853307295,20.267333738729274,20.441891783931908,21.68678305220081,20.47424630142298,20.644809402705498,20.105452950654197,20.311585115142275,20.572279827614384,20.13757733146777,21.215839566112678,20.0674888312021,20.52347682512543,20.03114101448078,20.90437526603928,20.449634835063815,21.321285525710675,21.303630172528045,21.25536863933116,21.44909503329331,20.025141145888472,19.778178823742746,21.14915703649402,20.05688903217906,20.16410956690244,20.3788394020883,21.131516885796444,19.93550238774868,20.471379215367385,21.51495995641075,20.87006203489629,21.566930761870232,20.67847115709753,20.486057904885794,19.897996534243163,21.451831255661716,20.406360876239223,20.388824644234024,20.846474635939927,21.258556557913263,19.980570750013975,20.90848528529534,20.250262981543436,20.483377642796917,20.128132442433106,21.033866992803123,20.53716057924171,20.27606123626691,20.184166028048594,21.507342206869396,20.354130235351477,20.239825863824226,20.48365726603297
20.877143462297898,20.269573291152025,20.41299364050543,21.49475592299264,20.118290047295815,20.502751284333367,21.113180502240855,20.87692158609877,19.881231674762425,21.13021004063874,21.165440124503373,19.939786765949975,21.621218043427447,20.98312913759186,21.641662077430208,20.923209958165778,21.017980005078563,20.616414182160163,20.30045608921852,20.60539055472594,20.272250485013174,20.875037037760343,20.515544498479954,21.049969879936413,20.52479285102335,21.487905645014234,19.985393476434318,20.275504263518844,21.513693898691553,21.241174779499712,19.848746058998497,20.48444473112018,20.42887010696946,20.31346967928438,20.593122449845197,21.320275485139845,21.608615176996857,20.934732960756993,20.90352031005174,20.379586233552477,20.896559595462623,21.322473621497817,21.49805469421901,21.710388410104656,20.924843997690633,19.955985463886755,19.945303299480216,20.538910032712582,20.488350096204186,20.75968979722368,21.24334981269435,19.77211147910638,19.973208131258836,20.88791675857451,20.543162487105548,20.228183098882734,21.217657500999238,20.482456624811476,20.868871234900013,20.500036329604942,21.68726772082763,21.319276319822354,20.263518815944394,20.463503775621803,21.316990553306052,20.765673774462165,20.090595220379278,20.184178156493815,20.86852388066746,21.573804193861037,20.967054751463838,19.99901539453723,20.219027186985024,20.97773259139066,21.051655737595134,19.88293987573159,21.34073558981134,21.59459767525008,19.979415184528406,20.280891706747582,21.19013550018655,20.692439225006563,20.90176680698198,20.07396927560468,19.948648858287193,21.033556435122044,21.3956297162663,20.753181596712754,20.07355898642182,19.839636280585488,20.229010431183266,19.909306388137438,20.31989115745701,20.83324408707217,21.513919600804055,20.684753509924203,20.142890849635858,19.971123848531068,20.224336424467687,20.794401855344518
21.327124133584892,21.274668656844177,20.932498915741842,20.353164307744272,20.014032885187834,21.217944948343877,21.57409989466419,21.7074250915029,21.625025652883213,21.539204847882885,21.06622283447937,21.27854214326331,20.740878982124862,21.550204746528568,21.3221108688795,20.642914597922037,21.554565403970468,19.769030660521302,20.740882358475588,21.46907256912796,20.365880803497415,21.355341747198672,20.469667233445826,20.890882263392278,19.93465361090845,20.900348703521267,21.488329019747724,21.492630819966482,20.986377791492885,21.424622668998143,20.69498338693984,20.612634291757296,19.839557461601235,19.791001443465483,19.838365929693655,20.813540217946898,20.616836076532525,19.977014610676243,20.277203473945953,20.352631440014264,20.067012167598364,21.678133651711768,20.83775239265031,21.158629146492917,20.166001567326695,20.812649331178093,20.067275479059067,21.721109513377357,21.35065308127428,21.198827003535726,21.057655920017453,20.77708228769706,20.295843537204448,21.52787628856854,19.81502284530072,20.42927377285708,20.553847236153636,21.485346719444145,19.889038537017118,19.86373982388887,21.125278134462725,21.063297361407198,19.9841200300846,21.720711693793067,21.210486518464794,21.023702328647406,21.298362644385733,21.484660158874618,21.263269835790194,21.742505583339693,20.271629395295456,20.983516923534246,20.64818799963703,20.742893814530643,20.103206363451598,21.59525420621731,20.601894802971245,21.42139275373324,21.145746212145767,21.030492299099926,21.20581331883223,20.6730588965894,21.64072375752094,20.34739866694172,20.276449277939367,20.790872990948156,21.132120661703418,19.89761026731176,20.40730437000092,20.754026881563068,19.79541406965803,20.093199358451013,20.072441270488298,21.70268123255213,20.234901181891193,19.8782428136624,21.469912062477004,20.28887941956527,20.45244550497025,21.43294679610505
20.959221186889362,20.93239520434433,20.62202707076831,21.325014276960832,20.40330161530724,21.28974522509449,20.728417102319202,20.244220097535788,19.775026895802846,20.842203099766685,21.507794981197943,21.012238164555924,21.689998837637088,21.195469846199373,20.00368616614825,20.085889000146725,21.70054959478882,20.99714724994871,20.006411743138855,19.901092995387867,21.74664336547055,20.89864844259832,21.417084766972543,20.25884954538659,21.68929562303802,20.498888949138333,19.974042174007824,21.423696340004405,19.970996688619596,20.444511532932268,21.414093653421343,20.814085067770087,20.36919234664414,21.69332122018306,19.80336107491605,20.787755812557286,19.943024612921192,20.838921108917138,20.39015766954254,21.757511222768986,21.444529179531887,21.3563170791126,20.01965497251271,21.16206798064089,20.05217470279648,20.63826702217107,20.31574076360566,20.74294905064725,20.800620526072077,21.01399567979921,20.524314823204236,21.35667090837107,20.36579473641477,20.568023356750306,20.34566075514813,20.24976457521512,20.439008073453728,21.683579674322516,19.999907240893048,21.514702977990797,20.82850459629178,20.78310147584987,21.54614569196962,21.0790134837855,19.93527011105652,20.742069096664153,20.26058330634913,21.02407314458135,21.67226208655165,21.463386558166572,21.108510725453336,20.599176074379244,20.211275994221356,20.72012054274699,20.55832056947349,20.85370678838776,21.477244509140686,21.260442907373697,20.28009533482079,21.04461844133582,21.573827246929895,20.744862925782726,20.437255982126988,20.98726984217409,20.263976142284882,21.543740890185287,19.83828781648471,21.556266512870796,21.576724858846916,21.595221418021364,20.911673192823052,20.991841218251757,20.023313419426685,20.361822506724486,20.75929996669413,21.27795279553725,20.34673858255549,20.663413553903673,19.820959430939002,19.986696723820224
19.778529183581064,20.730122243570655,20.46090286631626,19.969306814163286,20.958458450608862,20.200804926452108,20.287727003874764,20.127285318650195,19.992611691980077,19.953063447816422,19.900416099783733,19.926281896496675,20.914919249522477,21.02178837130504,20.091992766726147,21.41421722950982,20.484463016412676,20.48689943714952,20.819650587701005,21.659579278837015,20.686774167558486,21.344081635521217,20.054575481533004,21.094551926075457,21.300153067669925,20.81296509133038,21.5132761169152,20.990612305294146,19.95319513830806,20.94279268509766,21.65215214919049,20.605290107679394,20.189281601243568,21.097701458396454,20.85631259591632,20.57330401819152,21.371170781096023,21.26006108445203,19.768533554071578,21.747684355975252,21.31538493191193,20.656513637459316,20.32450555989395,20.779983954167612,21.309915401010308,21.58881719397651,19.995584635028642,19.78049000071314,20.891288632373833,21.20684371974074,20.643515785452106,19.994382517948402,20.594429066073104,21.410303462819062,21.6246243259713,20.75662093840985,21.224440731290905,20.214815765050133,20.498812439250138,21.44387481893327,21.38266953792061,20.878410200499953,20.543432001334608,20.822266498678054,21.143757192704317,20.916248617940063,20.49943163505196,21.382468816032958,21.300045728414148,21.737171137884193,21.239891247618434,20.835398019813233,20.049334918577046,20.56517513845984,21.389571676748695,20.320969791746382,20.09341001801725,20.28716124537533,21.53577391660972,20.83697121381012,21.123586059439923,21.71959187207124,20.197550719542434,21.159663598370816,19.882197608956943,20.01634851912819,20.890064036013584,21.385081181724725,20.246578165113363,21.53357581294955,20.61859812552018,20.220083718927352,20.53344285320491,20.774795690569334,21.67981713972782,20.57205780524225,20.425747835694477,20.196862142067257,20.718645168202855,20.590422577910367
21.56975587844944,20.231077928651167,21.347405842870348,19.88641369470056,20.53625995297966,19.793884184059273,21.406640256715157,21.08658896868912,20.231665481566253,20.79794326921258,21.3404468205443,21.26845915559701,21.054053744250954,20.537284236932173,20.230467146168895,21.478738903031868,21.687126427760973,20.556470381058332,21.528794491504556,20.105410089446163,20.711172900601632,20.147831561331895,20.037092486390055,20.80658756481283,19.779763198847448,20.351456710807945,20.03417601753923,20.812454129965072,20.888987440087753,20.573922578733384,20.436261916565485,21.048462598482743,20.06201386324221,20.480996270494252,20.22383611027738,20.631990856556683,21.199838222682715,20.930561771775796,20.57990003214591,20.11989534502564,20.10834228200547,21.063243345358988,20.33336216564363,20.84589939261712,19.803413249926475,20.060286953264505,20.88367589549858,21.629853494379812,21.367593512976573,19.834703774625083,20.670621319927385,21.160513705384904,21.198570486797603,20.561182628270682,21.70191597882259,21.629095646829263,20.500366112955305,21.154770732054633,21.330785759767654,21.406675878674793,20.560250402217285,20.546621091465926,20.003617622697888,21.588631870669555,21.23498843572698,20.728287519418405,20.89633837220318,20.381319933265,20.192601633896174,20.32020765975961,20.205159579853554,19.961561240108775,20.97734659094761,21.67223331569513,19.852083725512497,19.847237682733468,21.376276467371316,21.347870267648492,21.751378932674008,19.89564214637091,21.74917882845931,20.52297381268943,20.075248172175154,21.563231709801343,19.93472834210121,21.13278122493796,20.717106116133095,20.864307259872312,20.79317230635829,20.826124665406883,21.0962362194303,19.81742018597298,21.081217001108044,20.995062247267644,21.00687413341604,20.46514016722916,19.935859130647376,20.941469682381484,21.533299822085503,20.338718609236757
20.234860769592135,21.365212915131913,19.882643768972383,19.86629068880874,21.21087268965894,21.306018648121302,21.09749359939145,20.59774383638615,20.0207482620406,19.844420851638503,21.56045777067097,20.161778131835213,20.935468430017433,21.529733211090026,21.33084643684971,20.375081594739562,20.597712688200545,19.847780278680997,19.77449464343027,20.84945808771176,20.293060058272047,20.648610041893495,20.34578559571886,20.954077711964107,21.731172697124013,21.316257464015276,20.63064772052827,19.948163801535877,19.8289479043397,21.149084566818743,20.93104461413064,21.333187081167207,20.29343559078378,20.57625148940438,20.836825678032973,20.41162129100138,20.460926480541,20.553395150918686,20.17021874377357,20.703788018101307,20.301959235270576,20.259840120037776,20.782244132683847,20.421756808014614,19.918476102145835,20.36831936260059,20.340860507592406,19.872254532136015,20.620560285142854,20.00821490153656,19.98630066733892,21.24117436103224,21.050699056363438,20.929747883188185,21.45120429838528,21.226630808026,20.34435800666529,19.7688588194158,20.803906664853873,20.914702221776444,19.81351000417502,21.16194522851852,20.691660057178776,21.638254889649325,20.271495200785743,20.47781831658795,20.08731732681849,20.70728125494384,21.736813610425344,21.121884301625794,21.376300648621175,20.993107719105236,21.16451186777153,21.358931084531008,20.28461841068067,20.7526554262764,21.217246850615386,19.863413046392502,20.683783324148862,21.360415315361585,19.761691902781923,21.442160432688183,20.132937778480475,20.265297186795582,20.132722624908595,20.018739827170272,19.796396104879587,19.80491205662296,20.320126363750735,19.94480025882029,20.618025650660968,21.667117144900594,19.779064855458802,20.98416378491857,21.540583139619415,21.1907654179138,21.490325385302548,20.482270205323736,19.96501645315792,21.715537182452035
20.91355918921888,20.007687198573358,19.862197295756214,20.584926661788067,20.343708383054782,21.338269416555676,21.709027537825172,20.503735465154755,20.23337091922613,20.140870256352176,21.505887428728624,20.584983563197476,19.93661238032225,21.724299034431834,20.849658323952678,21.689272291289697,21.299596703337247,21.74743324350882,21.19371796351847,21.137699706791697,20.193773605804164,21.344980702325294,21.225961572771396,21.444044347069653,21.701208048780984,19.778591255897645,20.677767167796375,20.534751743442676,21.31166037742011,20.987534284207975,21.211055269309558,20.108185842293178,20.922064379441533,21.049529164910144,20.654284921863834,20.624529306784858,19.9684150741536,20.067864868707368,20.30442144819054,19.90284416554787,21.15971567715312,20.344140862411724,20.63145244050572,19.9460170741347,20.506866745286672,21.35033280730362,21.43901697764962,20.019659126894865,20.556126474450473,21.12372123973022,20.58608767678181,20.95843397737936,20.394342873725485,21.245089756362308,20.062205277573643,20.46923215139726,20.53250944478749,20.11776510351259,20.21139436580813,21.619105902457008,20.896897642220516,20.729657855118564,20.263631277553987,20.986130694226144,21.67057582378623,21.05392131933592,21.142142668022256,20.895636167020477,20.859742413320404,20.49903408550113,20.324842733858713,21.561088925248892,20.510954292343115,21.070837428331497,20.67683299882157,21.2928154418832,21.572993793451275,20.92809812061264,20.822511134951494,21.41020733527382,21.190074077890074,20.593336413245318,21.21710560040232,20.5858078355494,21.06499437481552,20.041274570391646,20.678989967879314,20.849597213689453,19.797735095500265,20.177332785907314,20.16163167311688,20.24070536941072,19.796767141472554,20.819870007867326,21.03389382471553,21.23556611523083,20.902245937339714,21.4173224027175,20.711840453852787,20.015654062734693
20.333422153349833,21.44571753408749,21.542091776787558,20.031427229792417,21.61906007242352,20.524367676437354,20.29578082481574,19.834178150863167,20.318528218310735,19.82112227747247,19.77650950953455,20.830072358939248,20.87863206927703,20.01500881037779,20.31528230280857,21.112915046341,20.462700302611847,21.356888953382235,20.365396318929502,21.042402044365335,20.225411257924268,21.243695128702186,20.925611554036617,21.712491824613576,21.65927535494579,20.852488290740638,21.474304883378405,20.3350653428647,20.442022329623104,21.323276756549806,20.665387525413077,21.33300668779884,21.08346991266457,20.87134596690645,20.780988081459597,20.94938289557788,20.361750440547006,20.816114668880736,21.57516965341817,21.22325219076811,20.94369622182851,20.790977650833668,20.11353906496563,20.493154471158984,20.040810490611907,20.090578184503954,21.691620444601387,21.242855786515797,20.131359765862225,20.446227431394828,21.388988278417482,21.733330084682752,21.014610582926448,20.284988147668766,21.27806839171555,21.6837112220205,21.421431788386535,21.086722320335912,21.034859694629446,19.810486753642643,19.859414397513927,21.488906903444065,20.139380196467577,19.885833357531595,20.390801055135572,20.758428217931446,21.677610678790174,21.56426881233389,20.278458954587588,20.273952402090767,20.539528447949422,21.502003657399147,21.43856228905756,19.997769956321445,21.57369206159876,20.096928680459072,19.840436685418023,21.363766512495054,20.053791665861986,20.868685654591015,20.803992662105685,21.10772385587196,20.58791191838927,19.871271553920693,20.903790084438754,21.292165219914313,19.90350987512827,21.318323774524178,20.833846065722355,20.44339112779461,20.406184479821587,20.881537435160944,20.499651352735583,21.425484439235937,21.50403698516588,20.473084512678607,21.21894861579159,21.7438470429831,21.20321657988032,20.364635106263954
21.225092545148346,20.186124375671575,20.229788719560254,21.402355536375342,20.37464250574978,21.223088154516322,21.49747806057293,20.574209234852233,20.071064447159173,20.212567668113554,20.695850944311964,20.98801852738036,20.197478443619143,21.305613962011982,21.118212949501153,20.588574979310547,20.739714924105428,21.488638175897556,21.111128820637898,20.089065467403405,21.52934672213693,21.507976199318367,20.391963783866906,20.57020586060559,21.562740399844287,19.952810887675618,20.490775339731925,21.69626883040317,21.086853718759258,21.74136699377082,20.402129088532813,19.91407090820482,20.953554150090497,20.962917439685143,20.44922048909567,21.080444778852943,20.864467120684687,21.24940263434774,21.009713830106367,21.520341050110215,20.376471036739918,21.427274734794914,19.853836163122956,21.425866037243818,21.173555525023662,19.889139917493484,20.186466191621662,20.49432566935005,21.39992020867766,20.063437491762567,20.022142498841315,20.965124907686832,21.35319740987843,21.16922016159245,20.536029863606185,19.823077737654977,20.36477596313824,19.881816964360052,20.67231600143281,20.379743665971635,21.427428400581196,20.118110467182184,21.70927446759918,20.03428430252749,20.670802229988936,20.07683477916997,21.126915451451694,20.441608196151332,20.505685003827008,21.371930081815158,21.073084783235018,20.64929390502712,20.18232883609787,21.68459074333904,20.462660399980795,21.07496544828114,19.97213761530498,21.30658949604248,21.06836221901798,21.42554137220076,21.136408161485228,21.23087535636938,20.48665745904953,21.227277016797668,20.614209884633844,21.22337937352344,21.34693859823973,21.69238785007185,20.165354489458252,21.43027757655566,20.327396988092666,20.24271369372768,20.625822770294228,19.93492284209705,20.59612275793584,21.572989003618382,20.383573187933056,20.851636988924575,21.67261440391756,20.360963390518393
21.43818648425235,20.42611903383123,20.75643645883295,20.4796625150984,20.110429377961278,21.20921209661121,21.616977552313738,21.200352915788397,20.82925035242535,20.734734131503863,20.22972870890266,21.184967575434086,20.914036118306964,21.570323656330807,20.30657881952725,20.717720820805162,21.37245180552888,20.401521848615527,19.846391020775883,20.839209585350915,19.987105294412686,21.277179026470552,21.71322499987463,21.40522779134866,19.91477638898447,20.042254041610477,21.668303380758942,21.703231425526532,20.554270777824854,21.622618168319246,21.15613073264206,21.30508304108826,21.23730301560793,21.590217889904167,20.17754347556583,21.381518262097533,20.35336135222878,20.542867002339143,19.77604702664767,19.79710376362139,19.860124641889563,20.530167496981647,20.086212203890117,20.153995735024473,20.04770833885618,21.69060051306034,21.236659296631917,19.912348304857296,20.37274123167829,20.82872819550598,20.717409926850546,19.99117683408934,20.474201357996105,20.05614850011196,21.577901886615102,20.91312562181006,20.825674456361654,21.46086315995054,21.646891166908038,21.34989560370171,21.606858105686666,20.03121023133799,19.844235935145655,20.380211145740454,21.330001342920195,20.586505069980866,21.451691763351825,20.853375000769333,21.347415745101063,20.195856392930857,20.532753635175677,21.19190781009256,20.68505271909854,21.644044558737612,21.48104144032626,20.022287909043715,21.35593745331898,20.902065630424243,20.13651534828605,21.701785658348204,19.8158416105705,20.35194568419903,20.005638024312614,20.170874274815485,19.82045869408984,21.14387354050671,21.03495243439606,20.24952843998918,20.098294975086816,21.713076701052533,21.139733947686864,20.72353114143249,21.393297401416312,20.091685722107357,21.055253868462565,20.396339778961572,20.562847382206353,20.026430325729073,20.3450416333463,19.7763097491941
19.85242833300958,21.562739611223808,20.117408836816303,21.6318368008176,21.197347956138593,20.39798183992152,19.764151538550003,21.408277848419626,21.173809002784047,21.54872429701275,20.25234784776337,19.816450911462894,21.018076427903736,20.010651213234148,19.952794461349153,21.0830972495936,21.518949789480907,21.39690744703742,20.937980641716972,21.12292465531528,19.84540229223315,21.655259981539235,20.843559720463958,20.787348980708824,20.242483433859082,20.98924597478608,20.644071837226342,20.999212236428043,20.946834717776984,20.22460838616825,19.81621218207247,21.71042738086113,20.85745418000588,21.548325323290236,20.070864349330282,20.94799424862189,21.144241805852502,21.490995324818098,20.052084523839152,21.37581831306381,20.440643007295325,20.089420407005957,19.956452248838275,19.824802871333823,21.301093893172183,21.24162691322515,20.968964696800615,20.328810463477033,21.264152503306928,20.339196127220273,20.708443166099734,21.403625266840397,20.43419765842588,21.456857892879913,20.81869963715391,20.75294552264475,19.838891885932007,20.722318993495556,20.08318190024749,20.512825336997718,21.66879152843847,21.435891152682284,21.110031932538448,20.757777888322845,20.48620490475536,19.867972351431373,20.959421393488235,21.174198900784685,21.181868219864988,20.878906626990133,21.603527268650485,20.74708674677729,21.66155151436355,21.52080233444274,21.5510164148273,20.024786314041357,20.019977338879517,21.072738058479057,20.186606932032564,21.742009651198565,19.90320414413186,19.783740187082557,20.87203514096082,19.95626832652304,21.132485940119487,20.01015165132996,21.327436320259423,20.71154645533676,21.02036809327491,21.16944010028187,20.56194282416403,21.411501459997602,21.598159782553896,20.085286425188166,21.69559705938006,19.952081660194878,21.09779164626831,20.34555323077864,20.607426899557872,21.632831927006084
20.071523864092125,21.45354836862231,21.401517641806066,21.324068745603146,20.39003681508985,21.389351834151924,20.97347302878936,21.581066905670923,19.888681366532907,21.635834247645963,21.437733135020558,19.86772630320343,21.587462279129852,20.916180748665003,20.134604086145195,20.675750348445334,20.94122237571356,20.80361727055115,20.954977311063626,20.416383372119206,19.82387930137579,21.75866222378574,21.53034341582253,21.645192682256635,21.110740642439687,21.429205108140035,19.97835759133902,21.217419508647698,20.51481154661805,20.450399707437207,19.966658482454964,20.32683409115839,20.21786306439297,20.52404552812373,20.6059538491036,20.995290662960546,21.322792734211255,21.153969814508557,20.077802129369346,20.420159856897115,21.525707542816782,19.948585069446956,20.014096095711146,20.188951608619732,21.119251026141715,20.40159647539204,20.531971621176435,21.70345985837514,21.05741749793636,20.12450236812384,20.023252943365634,21.378888776519005,21.30740443713574,20.063906062899527,20.126255682947647,19.789983936830687,20.989623201731927,20.58399264081659,21.274421618272978,20.588006585781535,21.04995743267575,20.32064873905383,19.865384429475554,21.46672821761379,21.726799378210575,19.898134415530567,20.14877078559329,20.580613753095257,20.72578233959765,20.0526945873016,20.968138143490116,20.401504279209824,20.96060810915057,21.572003474699137,21.369504682632996,21.081060348091007,20.9527804111534,19.94174811538653,21.068143472901426,20.88512037339368,21.302601489091593,19.829852117925437,21.203679793417688,20.923233647551626,20.98843613829366,21.072035298635782,20.33666807042077,21.426307376256315,21.45731783608552,20.718904547214283,19.978992439650717,21.166642816452157,21.070062261733494,20.20207585034719,19.985089581933636,21.23966719477748,20.23382003402864,21.515271768822274,21.35630932508439,20.081766790672386
21.03980196503214,21.72680485596118,20.063368264320353,20.085963245269948,20.979751192615417,21.270829258050387,20.097291431893602,20.65594216099466,21.704605440590413,21.01272018796107,20.917471929530006,21.3020629088409,20.95987127644006,20.288404944549978,20.56120986005171,20.928909965219905,20.642373145569756,20.50795389167402,21.553596152839326,21.590170569433237,20.131582282758743,21.63323397383672,21.242858481679697,20.31349078450489,21.638108210572828,20.626090790162685,21.43862645936222,20.08289141645991,20.50765043332711,19.807686507813212,19.946896540775043,20.369749054095767,20.020550357040655,20.2946557570784,20.79359168659658,21.690803753449813,20.873607282059123,21.076157411834615,21.53367366412986,19.776111245118468,20.941638414342624,20.46233914109084,20.119991611421376,19.934502736628207,21.317807371336503,20.05194100476495,21.174256959707456,19.940920158229115,20.3843691705572,20.43801127468458,21.737338476018007,21.082199028106213,21.400008974199196,19.96247728117592,20.180793378380173,20.027273394004563,21.066631709633707,20.5046728382788,21.63179876801624,20.58497129503924,20.538404418702104,20.761573710011344,20.2330281344967,21.35402850336287,21.69145600237025,21.74608109409518,20.880515064185634,21.132541751425332,21.59546088031082,21.554210530214146,21.631817552069766,21.387525507218488,20.57146422702472,20.89655180427245,19.814570982788705,21.13383464341988,21.4162295461907,20.83257476550229,20.51679960380863,21.55403987955378,20.56623184338653,20.93641248007209,21.240857878152628,21.58219096681951,21.113521236480747,20.59316834074435,20.144632450828905,21.574154343162792,20.565355696887387,21.41659138415338,20.672116765753177,21.321601309385876,21.354385030541952,21.52516288065218,21.685414835570665,21.102997712021704,19.996590748447787,19.996987147145816,19.935490930440377,21.417898505924292
20.223255162306163,19.87875908886865,20.238790817356016,21.15771179525257,20.96700719703535,21.41496788510047,21.667866527860227,21.24949848464942,19.97609713876171,20.67929127149406,20.288628631747315,20.77483088149317,21.56432410694721,21.715502703442585,20.24639636691962,20.074588308808714,21.496542698359807,20.512568532870134,21.567160070723737,21.571330626033163,20.658878666877754,21.000361787279772,21.50724209271888,21.412930549010387,21.611862934483256,19.93869991246319,21.51598980079912,20.48168357874991,21.392743344515566,21.19436051166891,19.865847129073984,21.44144778387542,20.45609060844795,19.858959570401286,20.90589024187244,20.460867871196662,20.558247532796276,20.66731908127336,19.965164273483307,20.537278284728185,20.447999920608822,21.014997921583813,19.854466992687435,19.767973046828054,20.591303511318486,21.20599307753193,20.610410733227592,20.75914154721929,21.0479940192339,21.012044375390076,19.84518566855135,20.520006778545255,21.68520665497136,21.734753276448387,21.5366012128441,21.471674344107484,19.955439526422666,20.39888683345918,21.584933448557617,21.420496034653247,20.79742596697474,20.018205835963258,21.212675647996534,21.692822110125533,21.728546959337653,20.4009985765424,20.11386240245919,20.31732856507193,21.58875939731487,19.89311221560356,20.203756908435587,21.115171098545908,21.751533639177698,21.740534895025046,21.65475356310825,21.38448127523792,20.612151303039287,21.506081160958026,19.7611540861958,21.59391370340355,20.093079667859588,19.980052186281682,21.70056872386146,21.63627100172486,21.042462302824276,19.93215173136323,20.57563715794419,21.713557735740178,21.24427259493298,20.266929573120706,20.152832361563032,21.7500770125561,21.257072855449184,21.71702453696023,20.94914901791514,21.213097453638778,21.095068697926962,20.24082526293086,19.822570363856507,21.315419938121906
21.157075691548318,21.10543663674,19.832485513141314,20.461414223453282,20.240373202661463,19.989168291777414,20.543085569836695,21.422603853475287,20.83934602296864,20.3660496675106,21.31640624156152,20.155926331141128,20.094822140123426,21.645921785140008,20.364547134968056,20.388239155089792,20.612735621054604,20.058016898192815,20.521189870483457,19.783383210518494,21.538866432347195,21.273153960129356,20.652953532110796,20.953901636085124,20.26676644345409,20.670482569998367,21.08560106103279,21.30054601976841,21.633735793362444,20.742486715273,19.803880266200355,20.175942524832614,20.535627936196104,19.81337306315951,20.49152037094136,21.191015139261037,19.83575500426412,21.66118295034082,20.459186689899923,21.453169445210538,20.15440806483148,20.275649527995327,20.70421209254698,20.629387143210696,19.835944963121875,21.62220164219097,21.715321565591136,21.344059315024428,20.396298016139983,19.822753673989506,21.572368575094238,21.191281669297684,19.898708838778607,20.36592708157477,21.50273818126706,20.924949131539474,21.658404721332225,20.39547832570965,21.156757375824032,20.70066561655135,20.43775517759802,21.65287882757117,20.628888284272115,20.388932759043236,21.58507476298347,21.745367546624376,21.71601701287833,21.633885441974066,21.527967274513077,19.761516205018854,20.16007946787218,21.090755971611888,20.351846388455417,21.3091512542044,20.182424780841764,21.2348914401016,21.092720295765275,21.127437165441226,21.250366645145295,21.248442049405494,20.79336098419889,21.06607973185253,21.1201257937874,20.161182677867078,20.057167296427686,21.45729057939042,20.349261740532977,19.828427445340814,21.6287688154232,19.916797081938793,21.11113032889177,20.827973832876467,20.822009643467215,21.249991594783232,20.787813674198343,21.575653047634116,20.91940956073348,20.08835724572652,20.433693692214554,20.22250598816673
20.42317603274453,21.176615557677398,20.519242603529293,19.86176877246833,20.984709430763775,20.63070312487562,20.463268076122464,21.534352382095864,21.470284451620525,20.283641230331657,19.898762023180822,20.003764335016747,20.01611506687442,20.08351656381192,20.69949221089374,19.893040235820365,20.87120277273366,21.481753050304583,21.521040985601548,20.287526780411042,20.213880699847508,19.81948061821749,20.627924303586838,21.51090818904852,21.26900484747836,21.741924922447755,20.7162793660462,21.088302669514068,20.591139177934362,20.539568098718053,19.79882009607269,21.59220932551169,21.111006165939003,20.09655021198335,21.250149842245442,20.21180440227212,21.223222722536622,21.601564667667773,20.986482367990085,21.75424268343885,19.8966859031402,21.47789314727888,21.109757732718496,20.94392905543439,21.26748320749441,20.179143969003473,20.457517930673603,20.907708198902803,21.094264487377217,21.49596768920799,21.30990392325195,20.528124004436645,21.413834368240796,21.264222639086526,20.68027303094876,20.27490037276373,21.427467026103812,20.586268596622663,21.752442697637346,20.118318779696786,20.123272075478816,20.777991147926716,20.768634404731937,21.288751827830204,21.06981957975708,20.630415922800736,21.217071288312095,20.243221467877046,20.601624482773754,21.689036880488334,20.570639634152705,21.258468527627922,20.801899104690925,21.63364914618406,20.17185012041742,20.250902204112343,20.897378589559715,20.595529221976133,20.72983925576346,20.14806325562706,20.625047341463628,20.185321402626062,20.4638800537013,20.35791811164071,21.649354803831134,21.69262425184137,20.414777459504695,21.356669151770017,20.894018840845185,20.96044138893251,20.27645390807342,20.235568458390347,20.871751545362578,20.592146708970606,20.470669392488233,19.914850132963544,20.930696565252727,20.387015525822086,19.931402221745845,21.46073514693481
21.665837036221703,21.394266572454747,20.22466798513807,19.90169883374868,20.369208567076818,20.80007543564902,21.02383338300693,20.589851543754673,20.958967901831247,21.174974713120662,20.626745727926227,21.033343267982357,19.793242742366612,20.79596871456166,19.829138926599637,21.599954242556223,21.016373062237165,20.80510472078092,21.214291543269127,21.027354512925804,21.162347729799098,21.22445785770389,20.71528938922227,21.381865646568095,20.49740894572828,21.184026522693994,21.382880990345424,21.3938774631015,21.318413066651786,21.460122096163623,20.6623893994821,19.780266485648514,19.9682169639762,20.6103405509308,20.188173567620257,21.668846237627207,21.751006369202894,19.937541503963207,20.00949992653868,20.990926889149456,21.218727515732503,21.348101309459665,19.89788784536519,21.465948258218617,20.441193208874896,20.47383302515121,21.006606933138492,21.109292780675908,21.32755994712911,20.56556824697741,20.74690732503344,20.958487628453657,20.3700877210325,21.327704998682492,20.15822929835974,21.326764573942693,19.878458031773317,20.629225673134652,21.051852898615895,21.35441615741836,20.413779123116058,20.505665283297382,21.63935498975265,21.656388758024427,21.66783140560284,20.761335162201004,20.472989032365092,21.48596921728927,19.839252529827096,20.13205849847926,20.78550666621392,19.933373408492432,21.27136514937346,19.82027859163455,20.149128711699007,21.15611547137954,20.37854632966281,20.37139828961136,21.286236656279318,20.398551665189004,20.20141675258557,21.032805815577277,21.308440944569895,20.757919075122665,20.276274123465665,21.272749165474064,21.090928849367568,20.262166663152506,19.808361180079583,21.40521191247197,20.704513270981145,21.655704457204212,20.609684749997662,20.43876237017481,20.455712076744334,19.774531874681916,20.239961177550608,20.044042038605497,21.06829238970165,21.124607640977928
21.473154709077946,21.749742367561563,21.37207008426303,21.24580749429784,20.673115071941652,21.503289411763053,20.934527469359576,20.204353088297502,20.67233211249157,20.038588107336746,21.56793696915873,20.55201010471425,20.57614932396933,20.75124512416545,21.264410791749217,21.401987135345475,21.31174069222377,20.839017018571738,21.723243665241228,20.63812802305822,20.954103720186563,21.575855215806197,21.457805228218113,21.218748305237796,20.15977933700895,21.224215469293068,20.461734612535654,21.678009056201727,19.808242746591244,20.310302798238688,21.265063295620255,20.255048095164458,20.72967677252914,21.153201398539274,21.077862273684865,20.565225199779448,19.80670996454876,19.830130243702726,21.65519075787637,20.152133908353797,19.80017125049683,20.756010049863484,21.172046437155974,20.44422411196355,21.49792658676183,21.254740096040948,19.810490923497383,21.2557547986158,20.491006927781225,21.041525115186673,20.255961502994225,21.490307219952772,21.671955313857396,21.14610925820994,21.525079378791432,20.099282703146574,21.740083490670763,20.555358975471307,20.294888704092987,19.843314608759794,20.488286827346418,20.507614998893395,20.400595817961207,21.02621454435847,20.949344889030993,20.559824760746103,20.24890041706612,20.53800939610875,20.727680068418916,21.2586930455546,20.593289669874206,21.233913407672905,21.186326854464706,20.851910148698387,21.363503599367586,20.55610739651943,20.447073213936015,21.511490709287553,21.702601291481223,21.081183511338047,19.898462419357433,19.930499478948363,21.543351202536524,20.41043566467809,21.222147279608464,19.99888155122548,20.52606493778553,21.39789753800766,19.821262472143385,19.948578001914477,20.60131555618666,21.702974753284103,21.712075437757026,21.410953383269597,21.29976063222986,20.041920787739958,20.81571972267597,20.06283714726694,21.31537376553382,21.187534625340625
20.68758829501943,19.917026198465486,20.70093700290882,19.89703018176805,20.585543353636144,20.536402239859303,21.356689257698527,20.431492222209403,21.45071197094491,21.140433064787747,21.102450863592182,20.600826298245632,21.016114726043718,20.046491185315528,20.06677763825372,20.020370822012158,19.917501671561006,20.38780300590007,19.849136142229764,20.657070749948595,20.143962717347577,20.488104099969124,21.696359260665638,20.63123414631976,20.003100372136643,20.45786759515692,21.3842076014692,20.61549663857477,20.793457268540614,20.942723877561463,21.742168860243645,19.96239850771929,21.584317662360284,20.74790381031648,21.56398346886979,21.704484857757116,20.77663580292056,21.750017569647735,20.046964097776232,20.715243875656896,21.36784674755788,21.692394614807924,20.617032398543213,20.478046334092934,21.451512005400296,20.69876494639132,19.811719229584202,20.46821338936415,21.047456003767632,21.20629281669492,20.30969083818187,21.123442124470397,20.237881370931436,20.488457163751704,21.335804732502584,21.087311554287385,21.54948166447995,20.888885795198263,19.94309746861876,19.90989352329516,21.54712878100771,20.624720602579814,20.89424142585458,19.829439024728117,21.126933267237273,20.325331297645086,20.99949439161497,21.325756046322187,21.286414530039455,20.902218852825172,20.954340240839947,20.40683476945725,20.728946076656904,20.493486512112685,21.354675762172157,20.4316122104008,20.65279635658257,20.52998639299058,21.492550658169037,20.558122517594168,20.67196616219906,21.20349555393883,20.070196707565927,20.57564604030922,19.903053146664774,21.646371237739835,21.332529505761176,19.896803765914964,21.192270435763806,20.527237746230668,19.849725819593136,20.33392564893915,20.370942810449932,21.424052920435248,21.298137923456014,20.643932253606767,20.694897373173323,20.902564603781226,20.239768830197058,20.069948337394568
19.797444063642963,20.721213043205044,21.21638613539448,20.60354141094682,20.011552909751316,21.124348087238296,20.67172989738863,20.77360979254952,20.276403537675783,21.280410477746443,20.177220106502606,21.13690944917588,21.552886481196307,21.648656355284174,20.631654838056704,20.152297581502303,21.11901534052705,20.22226427685803,21.25798833677238,20.068857426438502,20.442783590302277,20.604003118022657,20.60056645262941,20.399066615644557,21.638676572618312,20.50257505119877,20.410056709174597,20.398600943033856,21.364123279851167,21.087593492051194,21.13632689134334,20.90534391398181,20.899708996512498,21.642283862339777,21.57357648141437,19.943959366689604,19.810622564821763,19.80602729723291,21.155993836446378,20.872555197798754,19.996917825963543,21.328001577496877,21.686635920149058,20.61257125658724,21.058401807849773,21.221449527841802,19.81949205242791,21.62849420136334,21.221367134295853,21.43809391959899,21.039661370266682,20.455312646591153,21.544588544027437,20.608375386304427,20.440806103278558,20.138419173725666,20.160950361901612,20.419061137388834,21.744256459470982,20.19896732793966,20.749523404920282,21.19794431503236,21.58647010466885,20.75849635397789,20.836581105503388,20.50100101148881,19.88731663515999,20.18426557020471,20.161408751235246,21.433471480456895,21.47522331075824,19.88416232188708,20.807266197372297,21.13723486225146,20.737471144567397,20.8255682195577,21.287395579695165,19.7764125341034,20.155161236146817,19.883456118085242,21.401914813321255,21.260848484573682,20.85114199616888,20.01995283834328,21.435011875257903,21.575064305589503,19.8587868375298,20.91801273859353,21.397851388376488,21.564132066579244,20.501236135839683,19.897913339631362,20.963611768330797,19.788939298660043,20.441578500338668,20.567620384564,20.649380184337947,20.342935910019744,20.72216849118804,20.524667558023804
21.1037826507582,21.562472880736607,21.419627362472664,21.480282187224255,19.786056663943135,20.858944825243373,20.200049431245954,21.582456607892258,20.337219558079052,19.775112607266664,20.705410437640936,21.43850457550157,21.599226923746148,20.891741244834574,20.09182459993574,20.319418525626944,21.484181643018935,19.766910315278114,21.17639431626015,20.617724985191273,20.237110913543905,20.158684732261648,21.43817880613082,20.015580860319574,20.05753713127078,20.35101231540156,21.59135394758274,20.382185276044183,19.937817050112248,19.986565987515732,21.748350246915315,20.582597740956007,21.317571375947647,21.031179261414913,21.08576338972941,20.666838893914132,21.444570774580654,19.85142423536563,20.42768701833513,20.876629658445044,20.918004352323663,20.28604123168673,20.876205505910747,21.733025200210644,21.628856920258883,21.428354913321098,20.472957665860328,21.432679056254262,21.26827545193434,20.953275323030677,20.131313194178702,19.776647372393658,21.383790388507734,21.31832714469996,20.204573228035827,19.83664519418488,21.584850564541163,21.211114609552897,19.846102511213225,21.70530693500647,21.135397127625254,20.130986806466666,20.54276857389057,19.7916306239521,20.024076969969155,21.164958412674117,20.83476804734121,20.635109290946733,21.394084028802855,21.088273551864827,21.497900022004078,20.51813420340072,21.66037421272469,21.5545805983324,21.08056252251419,20.69096554155541,20.50031097345723,20.58257760164792,20.777202794813103,19.98381559552058,20.274066901313333,21.40513393212222,20.934983548161764,21.16263046126949,20.538822768996337,20.907519572342682,20.720098478166705,21.738410981021378,20.700385604518434,21.640648379784817,20.38347556118402,19.991253544894438,20.892552393450785,20.229533523904117,19.84390899131964,21.660433910468235,20.57557602895621,20.176001896922568,20.5401932653257,21.70378353442589
21.217595185502432,20.42691184944908,20.825028107021808,20.180122736730763,19.83952017856871,20.766688434842553,20.627604669449042,21.11836973148227,20.977590357469307,21.178377494482994,20.608716859058852,20.278733066163923,19.945804377526805,21.044534915300567,20.8926536176129,19.95726704683082,20.634669428720297,21.501160927704806,21.694236998818724,20.620635101782806,20.978591015127012,20.068532609531328,21.56107756534509,21.405105682270342,21.232429617636022,19.879089258259963,21.28661242838342,20.46102985893476,19.905221927079907,21.273729783931135,21.619894155625204,19.920582614051,20.828254787861113,19.823594660675976,21.176973973454672,20.850722109613255,20.51325435338137,19.94481942069745,20.61882818153775,20.258509346263157,19.914213489947873,20.1220858701153,21.276246527291494,21.020345303581824,20.17019482696034,21.167999719031663,20.163391155397715,21.488086393500122,20.024899203749257,20.355876694236464,20.513042000803,20.70121794124634,21.473979415251783,20.37792801865689,20.86040401191378,21.457085449240427,20.359572838010443,20.469280309770177,20.985680284990195,20.276154445846984,20.852222662944477,20.852692623418385,19.91531362623166,20.266812924224308,21.49184597091207,20.988840600546656,20.07991166151491,20.742947996259385,20.81928602392749,19.912229703143954,21.261627899264777,20.74363928563859,20.12579774502406,20.25145607833901,21.273127449336165,20.377545501698616,20.215887006451183,21.208810394619324,20.546464778345232,21.172551383887765,20.443871916782467,19.927625098764473,21.754455105712907,19.79979811999258,20.62875051158955,21.585253558820277,21.409178013672047,20.866525957022166,19.917566892260567,20.093975478223612,21.094837966315897,21.61361305429004,21.12973928490027,20.904545322941875,21.1335286830989,19.76577899277263,21.34568101288667,21.602785393456944,20.030356190297816,21.342213913366535
20.569424912035387,21.102458545151286,20.476447923207353,21.118437435754004,21.395419638424666,21.322607456655106,20.44903510507229,20.89883714386404,21.407898004042465,19.921882545817127,20.9627104765832,20.470486013634325,20.94908052604949,20.185111360797436,21.49453888994918,21.475192325204475,20.182877023951512,19.974707076043362,20.577743434845328,20.9232502522118,20.321188968644112,21.156447969389276,19.871646489957858,20.13269951415811,21.376146073056685,21.466865485427586,20.284361193170977,19.90680734953369,20.105455538171746,21.245685381503794,21.42762249872161,21.072674468547984,20.921377192903385,20.166765074578894,20.917112514523765,20.41166499581675,21.413762469570653,20.6443943561011,20.63765523130784,19.938112308896045,20.525511989352307,20.00095377301462,20.270036429954494,19.84682736241649,20.157938767875507,20.631370192870413,20.16048804855802,19.819536731788222,20.46652746970264,21.535832810496288,20.113337050931428,21.616318525596117,20.560502974187912,21.630967026655572,20.592793099578937,20.018039623956696,21.44161815128775,20.221602234855293,21.54858987612816,20.853960351176813,20.86839378626632,19.82568708176078,21.26527651899125,21.349624485860506,20.99883446237192,20.294779078019985,21.058816616445718,21.47229963227671,21.580173660376236,20.159048490218648,21.258963006727118,20.832670778345403,21.12203387324764,21.463526313664588,20.927736237507137,21.096683461359678,20.75197998410443,21.11766129247344,19.96167526391998,21.070042361869433,20.892582395714555,20.047487769364558,19.936527589783907,19.841760895971845,21.519213255336414,20.900410201157676,21.619639112466665,19.79492445426807,21.106440435939835,20.55065155748226,19.978822316094092,19.815961565782224,19.923829735283363,21.348453561364412,19.85900369067746,20.729892010920437,21.40131805932253,21.688259542055878,21.373941931019406,20.56345946516314
21.465031998134208,21.073811826420194,21.20241227164111,20.681032345424605,21.363292642966712,20.243534789441973,21.5351488996734,21.271420830772325,20.34320340508097,21.678414236382427,21.080491943593817,21.07420578502482,21.438870557569476,21.053917185479495,20.588838266189,20.333787972319726,21.185001473679133,20.971452220481282,20.751348157153846,21.386803468812662,21.042451604629694,19.88988898775514,20.59706915370604,20.09214177142026,21.684535189385528,21.638094468063578,21.01947782984435,20.489564662804412,20.065552328426165,20.110015517397066,21.324266097223447,20.281060830198804,19.997069440206403,21.319122416691965,20.180785575326976,20.325956760749587,20.308980252454447,20.193835937274226,20.219456743337854,20.153230016068928,20.848027854232793,21.009162947030934,20.80473197364286,21.719582851029603,21.329760593570793,21.444831371422264,21.281866215169646,20.045274709206605,19.98268330386004,20.33728548616396,21.718327868280554,21.546807303450922,21.386492887470794,21.315001573423476,21.370001087043725,21.013771878480338,19.86134583491262,21.617384466555947,20.84819612421424,21.491354550493078,20.02401785499476,21.178281392852487,20.509869584644946,20.181378921506035,20.170385498652088,20.581523201800678,19.84035346851612,21.105939459302235,20.92678163384083,21.10379001695134,20.647782056282928,20.738024686820026,20.896235963087086,19.914752758212877,20.264972575858728,20.408566514830607,21.010866111788843,21.617214704151426,20.493886562827832,20.349482337919362,20.013873055628647,21.674395273016188,19.776053964030055,20.965030799153254,20.33176368369311,21.371430795089477,20.186934608585744,20.43012746192334,19.975092297201726,20.565227599674206,20.736708407141688,21.723101224466927,21.29001146187576,21.62598547327818,20.272333137112764,20.428891863222464,21.217479261548526,19.91878833057166,21.232503779021265,20.9813183219528
21.671823046694136,21.560877870170213,20.27793123541284,20.118191357907797,21.425065497576288,19.794168121505322,21.08815950908616,21.07407436281187,21.099966086659894,20.63726662599243,20.313717167897302,20.44645850252117,20.379241803907533,20.87223379976521,21.657688612345225,21.267745895004854,21.04449852328539,21.541850976878465,19.79007891972269,21.731210354169484,20.338077561334167,20.498868661709498,21.63392914263651,20.098703106527083,21.472837791837918,21.30349463420722,21.264223770041355,19.981707262152977,20.162029372131748,20.227353118930402,21.583374379516698,20.230753555712397,21.655270214306224,21.62731860345185,21.535750351405653,20.146655057356707,20.74837756258766,20.080424552411323,19.87212915120634,20.441539150919898,21.61538124936912,19.96287301251363,19.893434501717934,19.85746796453437,21.62034498668079,20.190901277150754,20.595055725829905,20.466018322231065,19.93273341771782,21.11482756162267,21.676420399725266,19.804385226541527,19.880097889670477,20.934222351073803,20.98641380086658,21.10017437731442,21.21135200703852,20.634923006844215,19.97062010775641,21.434157708773075,21.191503710681022,19.789710240079227,21.17226023229064,21.13034635706329,20.402651334640943,20.573937366169478,21.699224381126513,20.77049930151405,20.06635654098924,20.798415643578,21.326254279264543,20.566387140205645,20.7113171932795,20.944624013499553,19.90127368331365,20.370546423208246,21.13084259378828,19.94716087333036,20.31295286223041,20.07605965760641,20.07021341683674,21.368615595743947,21.168268423168186,20.05717880788812,20.430624233982872,20.098742613898462,19.883181748092717,21.579032226375176,20.770528957494058,20.720801149584524,19.84678302401566,21.178701144538877,20.552661754091865,20.73111559629538,20.883632902698423,20.73974221477556,21.208176112718956,21.354738483404212,20.470480114995535,19.970763598812777
20.56146659890671,20.587579297608542,20.953693975053138,19.911273060216654,20.540878172709025,21.728506326454017,20.30381175114872,21.39969904402662,19.934682557839665,20.484322533562402,21.680736561808324,21.293308579682694,20.410134694194312,21.462562820369808,20.870850523647306,20.4097751631124,20.43352314545874,19.970995439285733,19.894595931242662,21.555553596383472,21.36615928716339,21.4285012339213,21.466369601349488,20.24841614585918,20.518733442258085,20.87826568104104,20.66479874601662,21.27972879792991,19.995440423225535,20.972183931370637,21.5638721977875,20.426497015998983,19.906997362248585,20.98926960576628,21.57667792287744,21.211756659275327,20.521814154655054,21.304053528247852,20.733968552686967,20.40592107103933,21.38028338671632,20.681490986566796,20.052410066763166,20.78733063919399,19.79390280492851,20.056857057686056,21.52553047841183,20.045725297972815,19.901761541020726,21.504156606786903,19.78698663080821,21.063302592834443,20.86270032696891,20.835891139202186,20.545644598552364,20.75774573011203,21.03198751043143,21.739967031013062,21.538962138623827,21.3120965511055,20.67360953791317,21.41008739277497,20.17890943683023,20.853162463852343,21.13919334868047,20.075390018878092,20.31557596822538,20.776577242829298,21.634698842491506,20.753781260742063,21.283824382242607,20.118383451309132,21.507152326886523,20.009614789826923,20.777601150044575,19.91058836812469,21.086422802575278,20.802028189327743,21.562805724626145,21.07768629884415,20.65791503397907,20.1244684392581,20.94767033876465,20.319773026676856,20.71831411963626,20.663867671901905,19.822815503015242,20.307295448310292,21.581440716514123,20.356917390902943,21.038295768840698,19.964020070247706,20.653091027808962,20.33672582894136,20.625738163681675,20.431677584559814,20.814792239744143,19.995125347834513,20.04007520748722,21.349916220584607
19.857687616125215,20.350815399664324,19.862895461864714,20.587471422011262,20.048434646802296,20.452752258265104,20.27796522921817,20.503700046726948,21.0945381417391,21.521364150801464,20.08324595499072,20.31364114434251,21.484126246862754,20.317679896632097,20.129779880548178,20.126739515518825,20.99943289991407,19.93533237531016,19.81357319787617,20.436608986173535,21.019309397210925,21.073893950175588,21.661725859499935,19.96324745349253,20.26186810483895,21.267168047072616,21.307904622268207,20.809123027849147,19.869951105386463,21.61500654940363,20.594261755836705,21.482954425122873,20.65548433003603,21.738097090735586,20.77669370216819,20.623536932571024,20.917924084749362,21.662991231064723,20.78428437963275,21.722027624110936,21.7325403869369,21.283019873620795,19.80845476772976,20.340770319206356,20.211855778076117,21.75675420553856,19.970898003144637,21.64747001557058,20.361031334752422,20.801125171190552,21.026846750913062,21.2888611134413,19.961290135436624,21.65540138679343,20.608973419555497,20.799773857784363,20.76945789129976,21.28361340612165,21.45663471631955,21.18099136737969,19.933250244398252,21.21432117622634,21.562635602183946,21.014473150368058,21.333450642976544,20.80264401311976,20.21785146757699,21.66116569215666,20.295419867781458,21.51246997372022,20.49945733565678,21.049686523232193,20.10847452317814,21.41309557332427,19.783999949706498,20.724544445275203,21.487100154502453,21.604168665784105,20.719868389697766,20.9528714614532,21.4586259380387,19.78575122895568,20.404019505603635,21.141601962850185,20.15102564755467,20.028215410095694,20.995569371117792,20.102599796290274,19.924988740416005,20.50669172745705,21.325007493063566,20.23976828043786,20.633126394812678,20.942215513990845,19.78096481514639,20.73402460304257,19.887132447404504,21.696724398950483,20.642309749875125,21.10468966177172
20.201398102365882,20.012471570685175,20.629890867020766,20.729494650901916,20.505905258542096,20.258540599302126,21.26055476052432,20.76111946541983,21.209147182597746,21.584209317694658,21.124714419215252,20.33783108802227,19.884789794338978,21.269453316020417,20.11409750854422,21.10325641029973,20.3128772235042,21.3449836106572,21.61062158869116,20.844535779891732,21.692014347293256,21.64545748440998,20.05912410348016,20.427203776431366,20.64446491652926,20.88881051078398,21.224187291237232,21.353775146909825,20.28244810478993,21.093898175960888,21.71313264987788,19.899996612378548,21.682923456702873,20.421565454960167,21.1158312894921,20.8011208423872,20.29567559069775,20.753817578124874,21.3764770053228,20.509989144583862,21.11578165078683,21.24120431619043,21.668227927636856,21.415825893728858,21.37660034856433,21.47296973917865,21.308325246884255,20.95333780108646,20.037916541095523,20.955750259785166,21.437164505815463,20.87768084374821,21.516351533811253,21.237826803600914,20.90065659762181,20.028242194429993,20.379477679975473,20.6854742011956,20.680157011610323,21.11003706283457,20.929381064910125,21.651176262332324,19.822652068303753,19.82573544587999,20.60959109650737,21.146604748703886,20.702893970662306,19.842610626459127,20.435978204893186,21.467685882741506,20.269917228486925,20.761773212806254,21.683964326976458,20.28665191669473,21.566762815631776,20.941793570452585,19.7693139301406,19.86835103510808,20.391369178860543,21.622448149821814,20.224444279607443,21.44333871832686,20.659337157847265,20.41855182244411,21.05575906426,20.07639916821925,20.14429036669746,20.648064437811446,20.725677719775106,21.711211149291127,19.944052437102535,20.50140638042692,19.986345183174684,20.971657530037522,20.555506871351323,21.66259732974102,21.256289186342354,21.173439820447747,21.39438717385219,19.807736866422573
20.78485925665679,20.67530116460403,20.50805151054864,21.41603018189823,20.344365672900608,21.251357279571042,20.07669082782646,20.497616360948843,20.11879854501211,20.66883335936779,21.21179235329225,20.4596991334981,20.6230100415265,21.50032614952592,21.18466016924907,20.963547604958027,20.272898669508272,20.86747551663411,19.843976121000487,21.602735972189095,21.219735288590908,20.544728192573647,21.167430385213457,20.91978930084919,19.96372703207702,21.19248747934204,20.160265465661077,21.280067131845094,20.679555794141983,20.101279262550683,20.436751538017262,20.555503567489957,21.42218223199027,21.029795457440283,19.950011422624854,20.237806286356594,21.413324403293316,20.49021534748624,19.766898952645246,21.34004218441286,19.870882530982016,20.94131772501961,21.007738128157452,21.436171685304362,20.315746197555956,20.921055727215897,20.69940764267773,19.93927167827316,19.921159863549597,21.577239894011257,21.25121087527325,21.709138883119284,21.388116574158826,20.05608008783381,21.385948519818168,20.69173491999646,21.268356199775624,21.616936287743677,20.089723418672367,21.72920763936365,21.005940965837254,21.610656105528303,21.594369002216546,20.92899774550342,21.63381489740869,20.756646400812684,20.710206624543776,20.495884648380848,20.03557374463837,20.886779300169522,21.636785621050112,20.569608189452225,20.61531299811719,21.682855914274526,20.569844595368814,20.498123618776663,19.990216252352706,21.133681444771238,21.168305361168876,21.417565395930378,20.662957462522755,20.36464368363585,21.003292672175615,21.222742394193162,20.18004364700969,20.086523157987003,19.863006952832155,19.864311779984533,21.24538543006449,21.577234829249143,20.3003175212217,20.04296258795137,21.72435319886771,20.543109106774885,19.982178981407834,20.539217906811317,20.62912374273727,20.353860484313923,21.350237884261738,20.647719667162303
21.047470119201666,21.231592625081994,19.831370982471565,20.87359358724793,19.770314072116562,21.66861648484924,20.31002267209198,21.592135037626477,20.626266325314162,20.499812037460018,21.457922145535615,19.897699760253126,21.581992620012368,21.629933211599244,19.904769512132226,20.44070866762561,20.728397777221765,20.03906820422931,20.561503494751435,21.137242534018124,21.541349808644163,20.623367118875358,21.662038986278045,21.199921369119963,20.332294853393954,20.52349049371127,21.13578174762173,20.59864621690272,20.408553873771808,21.431698322494686,21.449264844812035,20.153911881340896,20.512509085960854,20.52359721190481,21.68314687093143,19.94702472575551,20.477479853250017,19.830510561905797,20.98600574066836,19.922460034462475,21.112677024420353,20.364287367828457,21.01780715088515,21.393288389605257,21.376123964926737,20.422843675154418,20.3111731181439,20.15856920643009,20.64299756322199,21.23316811203295,20.179976416221002,20.98401198602414,20.4206496606532,19.916465975186565,21.154025247228553,20.86610591222043,21.444035526538553,21.219615532066634,20.50530217137063,21.414239237452964,20.59353668654533,20.90503581256991,21.65384126016041,20.988562144665615,21.261882067301727,21.617812029605997,19.919414782880523,20.264657041832645,19.93544298270982,20.57473860433945,20.309039916954504,21.73985863958662,21.527204470743794,20.314695532909994,20.71052074527914,20.99448547715297,20.679170341811474,21.339047047144398,20.182361281973666,20.506086362133285,20.37634854297603,20.76497389895564,20.454161291495055,21.463260775944597,19.996570066509236,20.190840953980803,19.81408693065619,21.48826013732979,20.203973922064513,20.624363887904227,20.340824280247,20.367304123071552,21.033007627509452,20.69002248899314,19.800282528155993,21.708625992414447,20.189586349881548,20.84251566590198,21.36083652722786,21.44589423425257
21.29986757394715,21.69672291705452,21.707806264011882,20.476515204985574,20.25971857228297,20.156004073851527,21.585090495669796,21.202884110160095,21.350836967388005,20.737507035833996,20.9662166470513,19.825033338434864,20.489162523084662,20.797042274476393,19.950877807841664,21.270112974733447,19.79685642679305,21.59209794902988,20.46018924851092,20.77585725350433,20.59832426782678,20.522820538838992,19.980930047883195,20.927045937873558,21.325165159010638,20.197039028906907,20.495339772684837,20.72674508838345,20.439246053167384,21.00246088103696,20.000081903587514,20.570203163205452,21.060968476332988,21.081828778584228,20.549878150486233,20.403419182011117,20.636328296169076,21.269095681768295,20.31572642459799,20.79369513367276,21.443745620149794,20.32882640742674,20.046786574091637,21.6334108290676,20.451541684316854,20.473462141761946,20.18755084013837,20.10572861379655,21.041846055431236,20.49682169793479,20.906096837637286,20.304206158631807,20.263439194095287,20.21695652618823,19.892019862136557,19.880815882042633,19.97173383187842,20.39921367456619,20.014822711305072,20.031949494318667,20.318796358056865,21.064802672669476,21.054822623036213,19.831387802877263,20.824661420276744,20.353367144809027,21.49637866087984,21.7298621206434,20.999635741171698,20.270992058014127,19.88129687206256,20.101421708690946,20.98728661537877,20.1640874095686,20.541968151660704,21.610849269265927,21.168915461115066,21.25138592995156,21.340570517568263,20.44526400545953,20.824515313104904,20.907421107620024,21.057814063383315,21.41717441443076,19.90239856956688,20.35871925133045,21.01024806614613,21.025070548336092,19.869059581977304,19.95610956863711,21.13246658170048,21.333718347891445,21.691397212467837,21.61960388072026,20.63946248129059,21.422823192198877,20.41992172984224,20.619094431454286,20.887866908802945,20.25954572994439
20.774681428800097,21.240365609879454,21.57046748048425,20.445456335781525,20.087809137274256,19.953459295165878,20.09644759026269,20.903141835561087,19.94068563784912,20.59978870866073,19.823782666142197,19.760876279883057,21.588352939495294,20.595286989971605,20.485329746617598,19.919087555319738,20.48784712362164,21.41694195139533,19.90884951157067,20.00142359344994,19.85887778886067,19.82493112748019,21.436912894720614,20.455978488693468,20.05497174813784,21.20109648774432,21.70458333754457,20.801073079391532,21.159487120670704,20.180303935523987,21.223581203519032,19.935514582706617,20.874094343814164,19.834991729742836,20.29646462451241,21.417649979033502,21.07168000339628,20.355420419121156,20.01304150876903,19.975395957037662,20.554184463727914,21.740528124396317,20.13026029909832,21.43467676778545,20.42120436667845,19.96492668815567,20.0459655975483,20.000209320667135,19.828482827857222,21.08565630083644,21.37387818274222,19.922483219079037,20.937547232166956,20.430598595746613,21.05247021288455,20.838622608092592,21.459669530496452,20.748638199525036,20.96951582574991,19.802138946649986,20.462389039207242,20.81451615523507,20.51521850004202,20.407406053738324,20.06572862955163,21.43454666103093,20.95060415356882,21.176518519259997,21.08871369868755,21.541704276958477,20.57580700691672,21.65709589839028,21.531521668540627,20.88189250171534,21.015511947016247,20.263754516401075,20.806685652530724,21.20143445242062,20.657125519991094,20.074872803634072,21.08787843201639,21.39654523106156,20.882533462689686,20.97544644566255,21.15741765946773,20.282629017138348,20.30380881612846,20.942879609097005,21.008367234966936,20.34862464377621,20.97776894622817,21.504272907342763,21.046465384980586,21.2414532578456,21.04470176058248,19.932494871897365,20.878647979645176,19.83565315250579,20.238232499087882,19.9151196683226
21.468676779871906,21.56698843176067,20.986053360397065,21.340229890018144,19.986140763324105,19.837927197772874,20.25029945866024,20.184821521721865,20.556214388488385,19.969836325340037,20.50809734646856,20.495399828274355,21.501468042345447,19.808645120434875,20.893574233639225,20.147296532527182,21.683283118555266,20.536265403296145,19.894070842098998,20.28695721699706,20.340074496950468,21.45750149290375,21.064794978935975,20.79611925807003,20.667049748029555,20.646765303191533,20.969596203909326,20.95812936452363,19.961541988609557,21.13172324423984,19.989907885436423,21.01945700993783,21.322835522337492,21.658404832362383,20.54929209810682,20.849890787331812,19.961957990911376,20.922145676130423,20.382129007473367,20.26861948113171,21.39647202356799,20.759604247125015,21.00435035551717,19.975872629655093,20.675776557582484,21.092317367840337,20.559790055855576,21.358891147205142,20.59234057587961,21.219159718584553,20.191824604307048,20.810708272924543,21.30118953292837,21.283232234415227,21.49833723433815,21.195583984274844,21.072534972097124,19.954166331285638,20.364192081824704,21.515750058869028,19.99167058231842,21.660371464786582,20.153838776881507,21.75182228087708,19.9652456757141,20.817794615987424,21.10749008540653,20.807588407595762,19.80245522066831,19.950313128078832,20.658953201804856,20.129312993303984,19.984134351226263,21.002184280343805,20.136508018784667,21.299320231216864,20.245266627263515,20.256441728649293,21.05129175321164,21.629366257874015,19.802533376317946,19.8251126449309,20.82816737399682,20.18837997612577,20.561930024283924,21.297403238227965,20.33982176243573,21.592504571348567,20.402465094329834,20.764487735339046,21.70391551928698,21.07264642736191,20.213994520834156,20.94200745047661,20.021574912015463,19.884244870648896,21.0892528879717,20.397197593325366,20.151253289952475,20.08702667682548
21.2472147451317,20.837860326496042,19.837530742153685,21.65314253403258,20.44410027483265,20.039072893373483,20.28025963373064,20.509964901841236,21.478553413605997,20.612999980177573,20.698642703050528,20.431744895113543,20.507840284595368,20.896958605495048,20.679931281899155,20.653159069356782,21.31121422398683,21.105236407349487,21.558509888826013,19.803948544952355,21.206001790960332,21.41731964317433,21.560785862982048,19.865348761767386,21.054284027021975,20.861330471452,21.1104613311014,21.13349143413265,21.611926345142138,19.903333345864358,20.35128971327132,20.55132727348157,20.448073839686025,21.73573635051081,19.9501932890395,20.521879883749516,21.493503220435485,21.4403244076941,20.26932404101985,20.95150271923769,20.936644549393296,20.222961641139687,19.989737606799128,21.08307795782166,20.386741598092804,21.568346907519047,20.978952797552722,20.62038934606872,21.61576724997425,19.771218011597472,21.103361983724437,21.731394963819795,21.572375645732848,21.542677068469448,19.786407868954242,20.911022206476435,21.68337593547445,20.27818082218522,20.33224671249468,20.87722186664677,20.786303488714083,20.33802252021854,21.40943084064647,20.678592185966043,21.09198336245756,20.516276054273753,20.89395084437645,20.987439361574015,20.732870907347603,20.940939795343255,19.858006195978998,21.36045497470394,20.167826920585085,21.329657809733703,20.3392902814676,21.321436632738816,21.3080890850213,21.58294645260185,21.15063057985954,21.419207643047084,21.43698600651254,20.72725474182469,20.605654279077445,20.072773892054315,19.974010600728818,20.24596923189023,20.540038749491053,20.195006304790446,21.362728128115634,20.154545832877186,20.92592763082685,20.14669628231978,21.685517996668143,20.562327206963992,20.19585634422414,20.5210001032826,21.13294849716788,20.18126653049927,21.333988640351443,20.994743530127437
20.318994421856733,20.241385318349835,21.661661556672964,20.258112928746794,20.457160759240164,20.24003899395943,21.566732234760263,21.124607495136814,19.991405267598346,21.716068343142144,21.03994551520417,20.275141023945896,20.44317794222191,20.68580503502936,20.658098592818764,20.986967842549934,20.93411926664994,20.140628697984678,19.990135587669077,20.149790745177405,21.28918028547697,20.74929157988775,20.0466145163829,21.450970965887954,20.464324947489267,21.225137776716632,21.408417303155886,21.28748792455638,21.37165900966472,21.27207897779732,21.322258116211927,21.12514437938729,21.681843399671564,20.14661065880316,21.63141882536366,19.78724190845688,21.323422766774332,20.5926641726068,21.7424686161104,21.588772813160297,21.15954917573523,21.348234353800205,21.240017120395024,21.161274081334817,20.387644905606123,19.94970266184601,20.73363580877483,20.456324397603506,20.261489948266675,20.13648389215835,20.539077473600706,21.04781563270128,20.254009623796193,21.719657398025056,19.933954757776306,20.964500756692384,19.796853421304498,20.69877343157003,20.801842221605,20.08348107059037,20.659384112233255,21.35044944424627,20.89835253274323,19.85091519946345,20.311948586214363,21.278952669343475,20.917130455123996,20.40640075960621,20.61413661607507,19.87389535400686,21.336033109714705,20.751688842633747,19.971696305987805,21.34601797217192,21.15101634388369,21.42483464301958,21.225150339308144,20.600163735202702,20.72690426080669,21.199033278815488,20.94189310976836,20.061784207008067,21.134215997823276,21.648065045384335,20.081949185171485,19.990635076450797,20.792177380857417,21.353330215454264,20.70943131609431,21.27835002028206,21.539049013378914,19.933707186911857,21.046994004903873,21.241859633392995,20.265703217025326,21.034285801791654,21.093518861667675,20.67524221594899,21.410940266460717,20.298182748199636
20.27975229472707,21.695316055140445,21.58920737167225,20.98597058022394,21.744781073343844,21.755289878427998,19.865841017742383,20.038085098456833,21.010690511369155,20.808230257206176,20.052498975281964,21.63915934012315,19.78143904614927,19.935860418414954,20.76515644180407,21.503398240432702,21.0325210512661,19.775755091792927,20.411590012929103,20.401712795961632,21.123093418474078,19.94336334087287,21.388131972978904,21.443723983832356,21.044391346906473,20.173521915567207,20.598727898616243,20.484407153421287,20.562988219881262,21.51956337820546,21.444672689412343,21.467634132207767,21.179143668815335,20.934867968732775,21.432080533426507,20.748809804381562,21.35291696843237,20.396457848334617,21.395658877601274,21.508468011730866,21.75152363744079,20.54282638410984,21.479153847358234,20.639974424247733,20.94684537343792,20.297878964829497,20.147412033527342,20.91434741387517,20.06999547839275,21.55942219342539,21.748959009452804,21.47955594016634,21.38553481269878,20.522388503991944,20.58036621148734,20.575272853048634,21.263592350338527,20.86846260657773,20.20247763417012,21.52756281642459,19.904924798929535,21.19514009361197,20.20977061982263,21.102070407665543,20.07554727895036,20.318630200916555,20.019404092796346,20.186639287315074,21.271193458140942,21.32790615423828,20.41062307656953,20.05068472418955,20.143132522252937,20.21537639484756,21.40890445622176,19.846603247581307,21.445884065848684,21.583382834118275,21.664498299832232,20.53578174780813,21.25984350341284,19.781466542461974,19.792542056584203,19.88814872351347,21.00039523481241,20.954820576058307,20.49803300325395,20.148775221327124,20.343498793865173,20.15142145494429,20.547812787327068,21.41650518702117,21.409301509095,21.560957803335622,20.556780813938598,19.91037566232706,20.834192202001788,21.67564792404388,20.369473751426636,20.7978856205042
20.62204350330068,20.826022883809173,20.807650956954088,21.5859709698882,20.987865261066183,20.702042892125018,20.14584517548527,20.801937364106994,21.17347928243814,20.72290709264628,21.183652661444206,21.253458375891967,20.03967390633275,19.838379578089903,20.44588348837186,20.86791620990925,20.666859961733653,21.390116530994682,21.690974946077493,20.88908805222293,21.490286990406066,21.50792684011941,21.48762149961243,19.949452891340297,21.5006585819244,20.616168183439676,19.988081305922776,21.266669271309013,21.352477094824774,20.763073217462928,20.32072048744065,20.494391207730526,21.38860234341493,19.811963853326912,19.85824045534479,21.40913271707706,21.534650820424662,20.426383481633174,20.91595441080053,20.998435172321614,20.65697294720326,20.554376402326994,19.970244745210316,20.811747486754008,20.596915468623585,20.66609612311884,19.776689026546027,21.000867423477846,20.79605755755684,20.130943573786528,21.29562430531803,20.151931070717257,21.053721523894062,21.05488714123123,21.52814185273384,21.284067291001513,20.470401748661267,21.545992358635,20.61746667788244,20.35068267674566,20.560872015819996,21.15238389783875,21.16346453001938,21.126140959727703,20.844518359744033,19.960753465695245,21.55824013134758,21.00257745386798,20.27350921517057,21.452588151428067,20.217792167835533,20.023694522292686,21.59654877020402,20.98170667606744,21.757110507663594,20.293657427128615,20.80804627057791,19.84532649770135,20.303549695886154,21.339234715359034,20.757326140392856,20.871238181653695,20.076165080419763,20.097638140167195,20.334286565920085,20.461093941624828,20.69341074426997,20.042408124316445,20.652337892419702,20.706280317444758,21.503488522951944,21.335682062961713,21.18628848441847,20.6769513884818,20.08606607769414,21.583525081657843,21.5328264665792,20.748885098717253,20.128368968249376,20.97704581249893
20.219579874171703,21.39155932310841,21.222515122483788,20.861921979847935,20.755385288049645,20.61409543688786,20.225484602934888,21.122074018969077,21.502447202751423,20.12939005214869,21.41042671362154,19.88456424402796,21.07340533532566,20.47568296876121,20.622030325276672,19.896880532719177,20.379201446975532,21.28086582754728,20.77865320034533,20.41126849621702,20.21704733604209,21.1796698069886,21.572470724610056,21.294065332677317,20.47796522333649,20.042387905474726,21.734867092390555,19.891313502063756,19.98129273795765,21.47826870869349,21.314528798865553,20.196450570591633,21.60830568511453,21.62960818624473,20.92701262806846,21.309988332415834,20.649483684955403,21.289817957466884,20.788989802228894,21.711581846030935,21.158343993926714,20.550525941990294,20.310184902184773,21.609984226040734,21.27648573557337,20.476300144043005,20.637749007425708,19.931945866721577,21.13930543052801,20.43922215300018,21.639890149096583,20.474076078509636,19.934893952908556,21.48021044750323,20.392287741881383,21.382958557523153,20.45496424430898,20.05672290082449,21.53138532955147,20.753173909870167,21.74961419813416,21.20452450942406,19.961869809373905,20.147761010772886,20.175161547892024,21.734716326865737,20.14588166984692,21.72124761199885,19.994179291282432,19.981854989953845,20.434607801252987,21.65015232118276,20.18798618183585,20.767117289272296,20.909635755785377,21.311393077855318,20.88397706527391,21.321183339511332,19.774005089009073,20.410753128942844,21.319435219404035,21.69504521473015,20.551491523867373,20.97694175720574,19.944984939536532,21.32508552340233,20.094427822830408,20.502780654167736,21.730886513239273,19.847335613192023,21.048686359180167,20.352299438608718,19.76128865407072,20.63457150610123,20.313281414456558,20.404316574806092,20.87193413033484,20.258931000695338,19.917933949245995,20.62643312904725
21.33244442250468,20.631617017406114,20.776104453391195,20.408403645423444,20.898168299399746,20.852134844720716,20.49318782547785,21.536060402706074,20.684575636148118,20.83819880270013,20.090735516480617,21.103570291190124,20.196600122657312,21.05522641400944,21.505671244868505,21.50001339380608,20.223722219556816,20.676029490619364,20.217201678769957,20.65277678671254,20.015778298650847,20.876056733367896,21.233058630998613,20.48468429506627,21.613893487780782,21.537693641034508,21.03234951514443,21.238045220933806,20.26776679037293,19.86523328957077,20.343514500169004,20.331250799859266,21.06084184776137,20.341597277239046,20.83846567822565,20.697703334070038,21.47391826599382,21.44163241389753,21.60264566865632,20.797268794433627,20.561352035230584,20.819273253371616,20.828079008392436,20.012229375627506,21.502841056977672,21.089402986931198,20.324109719819425,21.190866222877503,20.389008086166626,21.506932970698948,20.494561042839173,20.590705493880197,20.12321923642818,20.298953156677122,19.773997400453112,20.194605857873206,21.647930259542733,19.77326337244201,20.77981225955676,19.948425097667148,21.35703703151922,21.50565910258769,21.122461191186495,20.138405870572345,21.076150842448342,20.236752624993063,21.41871349605009,20.22440219474747,21.506723724017444,20.90408944708755,20.857357807212015,20.25469702398244,20.798701586319893,21.73740957209345,21.24365214752275,21.21142204777306,20.447585755406863,20.061466005482277,20.936896780826707,20.580251763967333,19.79142760004438,21.06041314174824,21.53845611048117,19.87484105116207,21.568938558163044,20.56089914331273,20.042350025976674,20.11680807203081,21.591698335995897,21.07434945918417,21.11730472541982,21.09524407809967,21.443673595413323,20.41897047296484,21.62908950366561,21.258751321250536,21.153028152638658,20.796977421830306,21.086806934872367,21.66755877869525
20.031489667453922,20.54881647434725,20.33656759991904,20.73307577278705,20.465599339730637,21.710184200047745,21.46081795319223,21.3273551802351,19.88940895501311,21.23274442379875,20.86120465609501,20.934140268351953,21.593125419412413,20.414980385557225,21.31496643738702,21.21908622839884,19.794805384077407,21.338239760249596,21.277369823081536,19.861286210070975,21.73981199607066,21.40928307159935,20.364723888450982,20.29608958627886,20.388698296544202,19.831102084793425,20.957992019170945,21.506796749616655,21.57589556546684,20.160523987938397,19.91394217663702,20.028452841095657,21.327228048687548,21.581341908107493,20.12426311721222,20.660450865307308,20.73314075952161,21.06433488198322,19.915623879195895,19.786026339527897,20.831931993851658,20.120349005330418,20.291035669626353,21.182608569228144,19.910957582425365,20.01319938835266,19.900570707499643,20.165394638314442,19.877582959144966,21.73609773389265,19.943335541124533,20.446307895244793,20.130460353458282,20.98007401782179,20.880655104086205,20.89108667737257,20.34195728155317,20.939857295706197,21.322434135849036,19.933987326944777,20.44534239504803,20.6342949521237,21.549833075396258,20.576107212765702,20.27175309945885,20.357690621789583,19.808289660976275,21.15428920708001,19.935536705557666,21.37796461711519,20.150169015719037,20.49713219744593,19.984039461444198,21.578134077784757,21.4662734479608,21.473358525356108,20.196508138651787,21.091476936790585,21.447704417203287,21.28798521557027,19.839523056762637,20.315942535506057,19.77707281824003,20.509950227321816,20.00447305314194,20.233372637781297,20.19452528522264,20.135682265029228,21.33002306852473,20.025816797841337,20.51402595591905,21.535929185711804,20.151253227944533,20.533261086755413,19.78741102967755,20.136854357890726,19.96906274980412,19.95973824092672,20.969022348602586,20.6301487319365
19.928771688159134,21.322102744078332,21.207327341633626,19.82107396642796,21.54427385279506,20.68164669779872,20.487848006755122,19.884723989561717,20.928116719272122,21.258515501932905,20.646802031411827,20.46291852896863,21.475853911001963,20.10832153705387,20.62709566183437,20.265898274946373,20.97291762788648,20.92498307632635,21.59223829428181,21.49115802938694,21.196030287903216,20.32362288848664,20.82392276804419,20.97230051869561,21.063836684571893,20.56388648103792,19.759853715595852,21.09891305490275,21.67670145661024,20.776547023031394,20.802263555208423,21.4117167209777,20.576569244434257,21.56002996771801,20.58737445043709,20.723604155839602,20.983904080872293,19.877081531192033,21.583417141269717,20.88593711319776,20.166259385792387,20.11906377714604,21.729227169232114,21.304346009645258,20.3645161312491,20.000580456865208,21.740914162939873,20.141805914826715,21.484110139820327,20.988164804306358,21.0754954592201,21.372887510776643,21.27223152155129,20.75550485572097,20.285941678599436,20.869279750984962,20.596527743957388,21.512352373106683,21.44867561660516,21.582552160203186,20.443945565700254,21.33405037509872,19.812596040985063,21.076704051311943,21.132316911618055,20.412560143860777,20.94966737330394,20.56998531705294,20.721872627758184,20.31529773092545,19.970991256349087,19.77354326642817,19.898300207845114,21.28565523794141,20.57089638885557,21.249256560482344,21.377439850587784,20.09569734333642,21.37274984071668,21.58248540401913,21.41856284232231,21.060521644834513,21.65207307208941,21.15277737106662,21.283819734597053,20.63319929961461,20.787678333032115,20.408612804810307,19.768585904362393,20.547368602828666,21.574493841349973,20.32233770399397,20.15980944828763,20.34693599109304,21.731647847998865,20.08667380099063,20.831431409803614,21.260412530041577,21.514690526945394,20.10328331557683
21.573036206720438,20.909694508374546,20.972796083442898,20.773092166630896,20.299000234180657,20.588347387550993,21.4978197520541,20.01219031295568,20.72267644453731,21.256684407859066,21.658397260774453,21.484211430587912,21.11682433214046,20.250210868356376,19.971558126189972,20.770331216239974,21.40462281897594,20.52300941449467,21.668582709899432,20.160626120568132,21.437042256942497,21.63121945726868,19.95398621238803,20.878306778884518,20.341158626892952,21.44007463588036,19.76254325045799,20.260268210709913,21.162868982732085,20.57393796182607,20.69306239126025,20.68250786211065,21.215160647636765,20.397094765470026,21.738758102323935,20.868274475629466,20.96907667335453,21.705898697643068,21.52433818844327,20.65264734368962,19.913982161021504,21.69092183756176,20.448708752323935,21.378738613416992,20.48534947440928,19.802820280349653,20.663543484464075,20.62905447375152,21.351983905338848,21.2154473738868,20.69048741683344,21.033922528011416,21.35048917316667,20.999055570492747,21.670988412762135,21.621551881438858,21.66055038358701,20.513369069567645,21.065241437391492,20.394450940307436,20.050681008820302,20.91293312846097,20.84067080983276,21.47368608843652,21.293273934567036,21.470694043739993,20.209611181017078,21.189786006761626,21.276207379558265,20.527914863494658,19.939879672102887,21.200980405158692,21.741023052854093,20.839016120914938,21.151348801356438,20.468326219365938,20.798482684970597,21.551013368806103,20.105573442007234,21.268966580886403,21.054832480603764,20.106597032711385,21.50293746830936,20.93315630575237,20.204143137536086,20.32484378892255,20.55734628814232,20.205464876470042,21.299112646732976,20.274034701354225,21.67461727323422,21.448774434975558,21.073474674940925,20.208989422204386,20.6155748642019,21.75491024269146,20.061892410021212,20.17369856771043,20.463083971089443,20.993062259118926
21.384937096278662,20.972182662986572,20.88025102034701,20.586408611346744,21.026700217320275,21.406984469597198,21.684383742865993,21.2734668582398,19.78592240541561,19.996307064813852,20.897087777535717,20.755357588630314,20.443206086897664,20.940356052487775,21.346895420211272,21.25466930902939,19.811306203346973,20.019069062732616,20.76936857801721,20.734507498177514,20.351574947442327,21.370994025871422,19.87379583308035,20.116064580468617,20.049972340198078,19.979499333149143,21.390805676129574,20.690527846159338,20.95495279960424,20.150671663545708,21.597861663986183,20.498297175634328,20.068080518754936,20.623389005824787,21.719885557064284,21.609777316553085,20.052864781407436,21.01211835515043,20.12025456850668,21.05970902029646,21.101375381100354,20.279655717117695,20.473159463417936,21.41667192044372,20.18304407807134,20.37022499165599,21.113090852756113,20.09507637031117,20.006489836511737,20.12648517832089,21.0400910793638,21.406531199360987,20.130597966334747,21.279671366993288,19.923590063276084,21.73868972326611,21.206584753158957,20.160917331295302,21.66291629620383,19.77050289280186,21.692780367053583,21.740677731790715,20.727251866456598,20.77341549624713,20.92891110842247,20.26461729457009,21.594444296062697,20.81305715235493,21.39725735154719,19.933004075059543,19.93938081595932,21.62812404198313,20.981795782720884,21.07679599020807,20.197186617555392,20.573297093958093,20.176554446785268,20.91320760196376,21.352399411090524,21.42934541618777,20.36444886178909,21.01699658431879,21.185088566992533,20.709978887199465,20.371927699742482,21.67915126843452,19.940230719213286,19.91655173143859,20.655187072795076,20.039632375546443,21.224515539200798,20.67597223384926,21.71064674358234,19.9960431490341,20.433719213218534,21.164374811406482,21.127083288441334,19.933845566948683,20.05109264643134,21.2672139399372
20.270039052820565,21.43737288395788,20.8004099468274,20.900223278562812,19.795397981329003,21.010424942146155,21.482181312925277,21.68718875004828,20.28970843915919,21.40568175090794,21.025227923618754,21.691692295892402,21.732279385918144,19.95933969156313,21.22935830025641,21.065074425631302,21.35830662762443,20.45265268031581,21.57048125162854,20.73608187471486,19.77559575903962,20.50661619378694,21.447794006444163,20.7027903255599,20.333160390888633,20.80144221662464,20.806910719294088,21.142496772713834,21.181934402638433,20.62171133419617,21.003648321278696,20.33851835920152,21.04889212926571,20.566503166830795,19.908879822188606,20.08573245945848,20.471537322979454,21.186351235056737,20.834818488738243,21.636735637862223,20.755148875811315,20.81057908732195,20.384189280125966,21.271006458329236,21.289361454019616,20.20301389173002,20.029970330085465,21.670392949009102,20.01370463167381,21.709243225315085,19.936077006022522,21.278115104718978,20.101778534026266,21.46327710762597,19.875743430306926,21.007752151327203,21.597908329666634,21.49353152562751,21.049538862691477,20.135222035074676,20.23445143839109,20.459689719826564,20.35533623545475,20.563883222253455,20.4362945102102,20.39136594138236,21.29839288601582,19.904275564827973,20.84598929529659,20.547134397427083,21.673895095241406,20.847307459237157,20.720651069752485,20.93747201053701,20.598923221425448,19.872518081918333,19.871906215662765,20.031341193710546,20.713092775154784,20.294032676561855,19.84461652260561,21.322301790655043,20.602181029695835,20.174750320915116,21.654278451327357,21.440307480782135,20.24291173396513,19.796208112629948,21.545898157791207,20.71885974476332,21.444382674718913,21.095396982294627,21.35786919878169,20.25748244852463,19.884054392588975,21.39560660194811,21.691898317601613,20.436610223219816,20.097259902277838,20.80096239355184
20.86272085561076,20.286357019211042,20.733211121689173,20.523121232494894,19.80247702665955,20.760106961876374,21.348595430887364,21.024861647907407,21.220085484490124,20.665306454732274,20.85688169013012,21.18690440733367,21.00996550097239,21.7292756331187,20.572542704551545,19.822923795556804,20.759631446438846,19.91494589812683,21.005637083730765,20.71879853889512,21.263079355877124,20.21411793787641,19.8775979721191,19.816546213140683,19.94912143040022,20.140451531914753,21.714657954331777,20.38671753936231,20.509727928056634,20.547406807632825,20.72393606146857,20.189948243926057,20.741382105444785,20.45291670087335,19.935489085521464,20.120754077634153,19.879606879949364,20.82621175685682,20.161171202113497,20.58551163400238,21.375537685865513,21.629393023660214,20.55647390584344,21.45858579434441,20.137628836132954,19.917224245070305,20.05134346676625,20.23011294182659,19.8565874185117,19.965153622183344,21.757865545725938,20.358883829098165,21.255040111762508,20.7138427044385,21.338717949903806,20.628000742234917,20.009994115655342,20.732406486904956,20.324823299574803,19.860480683978864,20.762507463104,20.68077162285114,21.118204174321775,20.837103022215203,19.970207246122378,20.007165350808776,20.033766267394665,21.723145815567584,19.88862915518381,21.440589982668403,21.670048344471766,20.230087669180435,19.795650599219925,21.095283638026725,21.63496975580586,20.240255286170655,21.686909839249207,21.25373091389245,19.854507816415172,20.67642781653103,20.39784262843702,21.599933456082084,20.840288258921632,19.83358775781377,20.192188034745175,21.45655573048817,21.758965003100894,20.046824729395816,20.318420723361484,21.32976448586589,21.490704537068666,20.351524259630672,20.936345445635293,20.87490671233329,19.901377907757304,20.580427927060466,19.764525556703294,21.483982369195374,20.558636796894355,20.651340006940156
21.549407802286666,21.163000733220567,21.49880692641905,20.22664972404682,20.58020284064755,19.875148768985696,21.17928547094157,21.52948811984802,21.0190245341079,21.18789504228902,20.974483310438718,21.13196933981187,21.41770158518558,20.0083049446482,20.90136797749747,21.523344143870073,20.305568527998776,20.92238911573787,19.79583842946463,20.991241157052333,20.57804514384314,20.335312029193204,19.90579225819137,20.767848256340343,21.518513033288883,19.844547763973885,21.6059681105108,20.645062857490284,21.222554043231813,20.020279616790155,21.439293032729758,21.337366283512818,20.078595703982263,20.996728920072158,19.951594629633085,19.93401148321553,21.06765722362565,20.088341368020632,21.38210271426022,20.019576975965613,21.426354362945983,20.544188611426552,19.982595175588813,21.380297312956394,20.89385746148921,20.041072198171893,20.52359867136293,21.74584543539373,21.720648829616984,20.871591314226674,21.386867377467073,19.83752050900671,20.924861505250913,20.804669837648394,20.670982353593466,21.160237973085486,21.405846456391984,21.14314279208574,21.596014250057493,20.92144801527991,21.73256503371857,20.86456224925773,20.540078068120746,21.49094220775258,21.110253748428484,20.113965242851222,20.780967683464517,20.855770359702355,20.68626119213271,21.247291576376437,21.180993404679686,21.740196644197166,21.45029992787318,20.963145577475036,21.469878000016294,20.747388315224086,20.373508362041736,20.00136696904807,20.533058144088876,21.16367616199897,20.306273096345606,20.96871666285974,20.2352324362313,21.06828937216694,20.743886241297467,20.98311317401324,20.07229771110576,20.039041636556867,21.235143754421504,20.15741293813424,20.42167254765918,19.825371917502164,20.80158355768887,20.819316716407403,20.398053887488118,20.148381397115994,19.90688148653492,20.614114981576062,20.29613720038978,20.051670736990157
20.998597672826925,21.421569376355333,21.417628183882215,20.300213008162594,20.915466957799154,21.643392363902358,21.052483446211465,19.864158176115286,20.151533003432572,20.048490158968658,21.00277309697158,20.391918277284812,20.10602030381164,20.376311871563743,20.947019734986508,20.40403445414626,21.24601986232535,21.40961285317505,20.357796626057553,20.08133357476254,20.173833033548387,19.793876488158155,20.153069981004183,21.252970364561566,21.02944053363727,20.149081475523545,20.426062309221393,21.69276333333688,21.211959599560412,20.47628051215298,20.57564320578494,20.092927542114154,21.152132059981554,20.646443839094303,21.627749399951078,20.669528761063017,21.37310573811406,19.915058477815737,20.731006656990992,20.345601934493537,21.523624379267286,21.72710030765288,20.616825641370614,20.012543657801054,21.485690683595514,21.296258958491286,20.239370097289097,20.286100564815257,21.39596773794446,21.342595883608173,19.879292259580623,20.306554393870343,21.053284027806278,21.080677250949112,21.437666129505494,20.569166031415907,20.03152574794197,21.336659799677328,19.775722123464007,20.04158260413273,19.95962583233471,20.31065538245217,20.053733242444107,21.124373520065618,20.52541720867668,21.06015967651029,19.783626044065446,19.89367136324009,21.123589880415295,19.77368097665312,21.19494346373847,20.421454955788946,20.796924304909975,20.26687491938165,20.153572173196586,19.868367854369342,21.112078394546973,21.516537445277233,20.06751777253367,21.242860058785293,21.73448955907407,21.65941307609796,20.082653802070602,21.000782224603938,20.695286314828284,21.0045545299658,21.339669723577202,20.080669493389543,20.665087642445513,20.946960311139446,21.606964099813275,21.641581593616465,20.499194822023373,20.033858979364673,20.356077081264655,20.565362390061317,21.408352155476262,20.762413115421378,20.95048405613252,21.08240125305755
21.137660182157443,21.22813405984067,21.312946424020485,21.30009976520487,21.12612634660036,20.445593579273947,20.66901520828959,20.36377509031105,19.989914933104,20.706159035548517,19.957812228713742,21.520436057349606,20.85749042606527,20.463547243542678,20.148153570767082,19.901987517477718,20.105324625740383,21.667508292074547,21.454233879966395,21.004228107068734,19.79784199462121,21.138463510886037,20.753522067326134,20.403329186066607,21.090547332519797,20.899453085259434,20.895381839765918,20.563365728426433,20.660337655567385,20.161149092191653,19.766718413476454,20.882497209780375,20.101205877133758,21.03643640296393,19.911511082660546,20.755828056904235,21.53098383270873,20.981331564281913,20.80818938677276,20.566204100526022,21.102901839338024,20.022128144319762,20.44281048965864,21.12246672767648,21.418206184549042,21.72366562758038,20.728545643103264,20.839612668039095,20.673367719613346,20.969879425313596,21.195534922398114,19.96049446939728,20.550726624081484,21.72370563581449,21.308642683375165,20.883101595744012,20.906029150368425,20.08102282438523,21.70802474592423,19.799795669257055,20.422686718624625,20.534457793933633,20.18322735118729,21.71257940812642,19.921209731028224,21.64139286209186,21.122999316927075,21.612568796416966,20.577971948023,19.822876435975882,19.958858444390582,21.709569044279977,19.842133682701867,21.637201222983215,21.138238021136562,20.82589354656856,21.43491847074529,19.885539913142704,21.730573380260232,20.038599094220952,21.730752604084664,20.635368401490126,20.80016288577718,21.1980976085817,20.018175188182255,20.215194096783566,21.359827142211934,19.97082906217521,21.098775895152933,21.474607930377267,20.869601320236594,21.628763414402698,20.71610771185502,20.100893363747378,20.591356570783205,21.38233309056071,20.166520845427677,20.604672606626078,19.894982579455156,20.904006048113473
21.12859432102376,19.946433826113896,19.975842502701166,20.339399281889133,21.18071003126869,20.337203626751528,19.7606789670457,20.386088242006565,20.36702824825343,19.864431698508735,20.44070687973639,21.2506597090228,20.33854143042352,20.506332584566273,21.719808116125805,20.684481831785604,20.53862627271901,21.754707137740677,20.904650799831156,21.7147875836625,21.10276767876929,20.994556616147754,21.74334996447105,20.887492355823458,19.929733399008768,20.102345651259824,19.795317277063347,20.113536219200956,21.074586280123047,21.50258388109335,20.78709246356377,20.89461320705246,20.381175983717835,19.875119172486006,20.605619778418717,20.001626497112298,20.015431135573458,19.938886057925973,20.90991907416741,21.594483092565877,21.140648343503855,19.946933052990452,21.431965355090973,21.180069846754396,21.02676138902922,21.18251620935865,21.099235036827125,20.463925903103043,21.56426368552683,21.57329860694161,21.61498190481963,20.78450993388215,20.569616510824076,20.543852215287234,19.76406731429626,20.094425168437255,21.23277408655019,20.340380956131423,20.233006472979284,20.62096749970113,21.520796453936743,21.102967609770346,20.338774611819943,19.884986554388203,20.8049629553131,20.481205825775664,19.91726282511228,20.127109348605238,21.166325050315912,20.534910958666007,20.405260063512564,21.32123898082818,21.30324562466365,21.295914661834587,20.03014483950413,20.563969760883175,20.149542217633208,20.04578543823424,21.427812600713118,19.7716260218495,20.71525290869084,21.254224246829885,21.202387389062654,20.677556713266497,20.732583951379866,20.78202692516717,20.757207833971822,20.901829999940233,20.81685092756911,20.115217182111586,20.99421094761757,20.675875219418444,21.697273056226763,20.485934427400863,20.90090560376084,21.431094598221232,21.51630578213806,20.832851927739082,21.284576802985644,21.564151701241087
